-10.5 -5.22793
-10.45 -5.21395
-10.4 -5.19985
-10.35 -5.18565
-10.3 -5.17133
-10.25 -5.15689
-10.2 -5.14235
-10.15 -5.12769
-10.1 -5.11291
-10.05 -5.09802
-10 -5.08301
-9.95 -5.06788
-9.9 -5.05264
-9.85 -5.03728
-9.8 -5.0218
-9.75 -5.0062
-9.7 -4.99048
-9.65 -4.97464
-9.6 -4.95868
-9.55 -4.9426
-9.5 -4.92639
-9.45 -4.91007
-9.4 -4.89362
-9.35 -4.87704
-9.3 -4.86035
-9.25 -4.84353
-9.2 -4.82658
-9.15 -4.80951
-9.1 -4.79231
-9.05 -4.77498
-9 -4.75753
-8.95 -4.73995
-8.9 -4.72225
-8.85 -4.70441
-8.8 -4.68644
-8.75 -4.66835
-8.7 -4.65013
-8.65 -4.63177
-8.6 -4.61329
-8.55 -4.59467
-8.5 -4.57592
-8.45 -4.55704
-8.4 -4.53803
-8.35 -4.51889
-8.3 -4.49961
-8.25 -4.4802
-8.2 -4.46065
-8.15 -4.44098
-8.1 -4.42116
-8.05 -4.40121
-8 -4.38113
-7.95 -4.36091
-7.9 -4.34056
-7.85 -4.32006
-7.8 -4.29944
-7.75 -4.27867
-7.7 -4.25777
-7.65 -4.23673
-7.6 -4.21556
-7.55 -4.19424
-7.5 -4.17279
-7.45 -4.1512
-7.4 -4.12947
-7.35 -4.10761
-7.3 -4.0856
-7.25 -4.06346
-7.2 -4.04118
-7.15 -4.01875
-7.1 -3.99619
-7.05 -3.97349
-7 -3.95065
-6.95 -3.92767
-6.9 -3.90455
-6.85 -3.88129
-6.8 -3.8579
-6.75 -3.83436
-6.7 -3.81068
-6.65 -3.78686
-6.6 -3.7629
-6.55 -3.73881
-6.5 -3.71457
-6.45 -3.69019
-6.4 -3.66568
-6.35 -3.64102
-6.3 -3.61623
-6.25 -3.59129
-6.2 -3.56622
-6.15 -3.54101
-6.1 -3.51566
-6.05 -3.49017
-6 -3.46454
-5.95 -3.43877
-5.9 -3.41287
-5.85 -3.38683
-5.8 -3.36065
-5.75 -3.33433
-5.7 -3.30788
-5.65 -3.28129
-5.6 -3.25457
-5.55 -3.22771
-5.5 -3.20071
-5.45 -3.17358
-5.4 -3.14631
-5.35 -3.11891
-5.3 -3.09138
-5.25 -3.06371
-5.2 -3.03591
-5.15 -3.00797
-5.1 -2.97991
-5.05 -2.95171
-5 -2.92339
-4.95 -2.89493
-4.9 -2.86634
-4.85 -2.83763
-4.8 -2.80879
-4.75 -2.77981
-4.7 -2.75072
-4.65 -2.72149
-4.6 -2.69214
-4.55 -2.66267
-4.5 -2.63307
-4.45 -2.60335
-4.4 -2.5735
-4.35 -2.54354
-4.3 -2.51345
-4.25 -2.48324
-4.2 -2.45292
-4.15 -2.42247
-4.1 -2.39191
-4.05 -2.36123
-4 -2.33044
-3.95 -2.29953
-3.9 -2.26851
-3.85 -2.23737
-3.8 -2.20613
-3.75 -2.17477
-3.7 -2.1433
-3.65 -2.11173
-3.6 -2.08004
-3.55 -2.04826
-3.5 -2.01636
-3.45 -1.98436
-3.4 -1.95226
-3.35 -1.92006
-3.3 -1.88776
-3.25 -1.85536
-3.2 -1.82286
-3.15 -1.79026
-3.1 -1.75757
-3.05 -1.72479
-3 -1.69191
-2.95 -1.65894
-2.9 -1.62588
-2.85 -1.59273
-2.8 -1.55949
-2.75 -1.52617
-2.7 -1.49276
-2.65 -1.45927
-2.6 -1.4257
-2.55 -1.39205
-2.5 -1.35832
-2.45 -1.32451
-2.4 -1.29063
-2.35 -1.25667
-2.3 -1.22264
-2.25 -1.18853
-2.2 -1.15436
-2.15 -1.12012
-2.1 -1.08582
-2.05 -1.05145
-2 -1.01701
-1.95 -0.982515
-1.9 -0.947959
-1.85 -0.913344
-1.8 -0.878673
-1.75 -0.843947
-1.7 -0.809167
-1.65 -0.774336
-1.6 -0.739455
-1.55 -0.704526
-1.5 -0.669551
-1.45 -0.63453
-1.4 -0.599467
-1.35 -0.564363
-1.3 -0.529219
-1.25 -0.494038
-1.2 -0.45882
-1.15 -0.423569
-1.1 -0.388286
-1.05 -0.352972
-1 -0.317629
-0.95 -0.282259
-0.9 -0.246865
-0.85 -0.211447
-0.8 -0.176008
-0.75 -0.140549
-0.7 -0.105073
-0.65 -0.0695808
-0.6 -0.0340757
-0.55 0.00144291
-0.5 0.0369713
-0.45 0.0725079
-0.4 0.108051
-0.35 0.143599
-0.3 0.179149
-0.25 0.214701
-0.2 0.250252
-0.15 0.285799
-0.1 0.321343
-0.05 0.356879
0 0.392407
0.05 0.427924
0.1 0.46343
0.15 0.498921
0.2 0.534397
0.25 0.569854
0.3 0.605293
0.35 0.64071
0.4 0.676103
0.45 0.711471
0.5 0.746812
0.55 0.782125
0.6 0.817407
0.65 0.852657
0.7 0.887872
0.75 0.92305
0.8 0.958191
0.85 0.993293
0.9 1.02835
0.95 1.06337
1 1.09834
1.05 1.13327
1.1 1.16814
1.15 1.20297
1.2 1.23774
1.25 1.27246
1.3 1.30713
1.35 1.34174
1.4 1.37628
1.45 1.41077
1.5 1.4452
1.55 1.47956
1.6 1.51386
1.65 1.54809
1.7 1.58225
1.75 1.61634
1.8 1.65036
1.85 1.6843
1.9 1.71817
1.95 1.75197
2 1.78568
2.05 1.81932
2.1 1.85287
2.15 1.88635
2.2 1.91973
2.25 1.95304
2.3 1.98625
2.35 2.01938
2.4 2.05242
2.45 2.08536
2.5 2.11821
2.55 2.15097
2.6 2.18364
2.65 2.21621
2.7 2.24868
2.75 2.28105
2.8 2.31332
2.85 2.34548
2.9 2.37755
2.95 2.40951
3 2.44137
3.05 2.47311
3.1 2.50476
3.15 2.53629
3.2 2.56771
3.25 2.59902
3.3 2.63022
3.35 2.66131
3.4 2.69228
3.45 2.72314
3.5 2.75388
3.55 2.7845
3.6 2.815
3.65 2.84539
3.7 2.87565
3.75 2.9058
3.8 2.93582
3.85 2.96572
3.9 2.9955
3.95 3.02515
4 3.05468
4.05 3.08408
4.1 3.11335
4.15 3.1425
4.2 3.17151
4.25 3.2004
4.3 3.22916
4.35 3.25779
4.4 3.28629
4.45 3.31466
4.5 3.34289
4.55 3.37099
4.6 3.39896
4.65 3.4268
4.7 3.4545
4.75 3.48206
4.8 3.50949
4.85 3.53678
4.9 3.56394
4.95 3.59096
5 3.61784
5.05 3.64459
5.1 3.6712
5.15 3.69767
5.2 3.724
5.25 3.75019
5.3 3.77624
5.35 3.80215
5.4 3.82792
5.45 3.85356
5.5 3.87905
5.55 3.9044
5.6 3.92961
5.65 3.95468
5.7 3.97961
5.75 4.0044
5.8 4.02905
5.85 4.05355
5.9 4.07791
5.95 4.10213
6 4.12621
6.05 4.15015
6.1 4.17395
6.15 4.1976
6.2 4.22111
6.25 4.24448
6.3 4.26771
6.35 4.2908
6.4 4.31374
6.45 4.33654
6.5 4.35921
6.55 4.38173
6.6 4.4041
6.65 4.42634
6.7 4.44844
6.75 4.47039
6.8 4.49221
6.85 4.51388
6.9 4.53541
6.95 4.55681
7 4.57806
7.05 4.59917
7.1 4.62015
7.15 4.64098
7.2 4.66168
7.25 4.68223
7.3 4.70265
7.35 4.72293
7.4 4.74308
7.45 4.76308
7.5 4.78295
7.55 4.80268
7.6 4.82227
7.65 4.84173
7.7 4.86105
7.75 4.88024
7.8 4.89929
7.85 4.91821
7.9 4.937
7.95 4.95564
8 4.97416
8.05 4.99254
8.1 5.0108
8.15 5.02891
8.2 5.0469
8.25 5.06476
8.3 5.08248
8.35 5.10008
8.4 5.11754
8.45 5.13488
8.5 5.15209
8.55 5.16917
8.6 5.18612
8.65 5.20294
8.7 5.21964
8.75 5.23621
8.8 5.25266
8.85 5.26898
8.9 5.28518
8.95 5.30125
9 5.3172
9.05 5.33302
9.1 5.34873
9.15 5.36431
9.2 5.37977
9.25 5.39512
9.3 5.41034
9.35 5.42544
9.4 5.44042
9.45 5.45529
9.5 5.47003
9.55 5.48466
9.6 5.49918
9.65 5.51357
9.7 5.52786
9.75 5.54203
9.8 5.55608
9.85 5.57002
9.9 5.58385
9.95 5.59757
10 5.61117
10.05 5.62467
10.1 5.63805
10.15 5.65132
10.2 5.66449
10.25 5.67755
10.3 5.6905
10.35 5.70334
10.4 5.71607
10.45 5.7287
