7.6544 0.7136 -8.8277 0.7047 0.5936
-2.9602 9.8555 -9.7003 0.3345 0.4212
-7.4455 9.0288 -5.9993 0.9832 0.9552
-5.2102 3.8293 -3.2036 0.3784 0.2865
4.5065 7.9523 -2.2783 0.4900 0.9907
-3.0352 9.1940 -6.8784 0.9946 0.9319
-3.5611 5.3742 -0.2858 0.8688 0.8399
3.5219 6.0843 -3.0753 0.3877 0.2128
-6.4523 8.3507 -2.5592 0.2068 0.9296
7.8871 4.7452 -2.0411 0.1759 0.1663
-9.5448 3.2054 -7.5210 0.6793 0.9779
5.0449 3.9710 -0.3616 0.7088 0.4136
-9.0966 9.9131 -3.2979 0.7874 0.6603
-9.6575 4.5670 -7.5429 0.9990 0.5629
-3.5255 3.5556 -5.9229 0.1399 0.9576
6.8447 5.4061 -2.6429 0.1580 0.9999
-5.9162 3.1195 -0.7586 0.3143 0.9846
-9.1861 9.5737 -0.8373 0.6107 0.3703
6.2611 7.0360 -3.8389 0.9971 0.8109
5.4806 6.3313 -0.0197 0.8330 0.4231
0.4146 9.6230 -4.2407 0.5664 0.9799
-0.9956 6.8364 -7.2335 0.1655 0.8898
-7.3043 0.1971 -5.1693 0.9146 0.5287
3.6200 0.2115 -9.8651 0.2690 0.9334
3.5817 4.8215 -4.8485 0.1435 0.3837
7.1728 3.9787 -9.3954 0.9461 0.8357
-9.0684 4.9399 -7.8456 0.6832 0.6803
2.6399 1.1602 -2.5252 0.2783 0.8243
8.2790 7.7256 -6.6034 1.0000 0.7582
5.4859 9.7384 -2.5184 0.6091 0.2872
-0.3071 5.5646 -8.3586 0.7750 0.2551
-3.0361 1.1124 -3.2282 0.7176 0.1472
-8.9031 6.0473 -2.2303 0.4937 0.7466
3.7556 1.0953 -6.1598 0.5584 0.9715
0.0937 1.6861 -4.0241 0.8676 0.0476
4.8948 9.1617 -0.7975 0.8691 0.8713
3.4530 2.1466 -2.9415 0.1826 0.3106
-2.0529 9.8021 -8.6049 0.2855 0.8241
-7.6885 7.7964 -4.1953 0.6713 0.4765
-2.3141 6.7213 -3.3553 0.5278 0.8954
7.9719 8.9989 -5.7492 0.3818 0.5494
4.5623 1.0806 -7.7597 0.8554 0.7264
3.8678 4.3414 -8.5730 0.2359 0.1632
-1.9959 4.3623 -6.7261 0.9948 0.5026
-5.0722 6.2603 -8.8426 0.0414 0.5466
-2.4633 0.4651 -9.2549 0.8722 0.8629
-5.2172 5.0731 -0.9024 0.3956 0.0270
-9.0655 2.4480 -9.0839 0.6415 0.5657
-4.8345 8.0146 -5.4956 0.8774 0.9717
1.5215 0.5451 -3.3967 0.9549 0.9848
6.0246 5.3416 -3.6013 0.7758 0.1375
7.5540 1.0630 -2.3658 0.4679 0.9896
-6.8765 4.4673 -6.4929 0.8143 0.0147
-8.6979 3.4930 -0.5749 0.5097 0.8105
2.5938 7.2149 -4.0174 0.8734 0.9261
-8.9914 4.7153 -1.9403 0.9072 0.4293
-2.1930 4.5064 -8.5607 0.9687 0.9002
6.8254 6.1957 -1.6125 0.2607 0.7910
-1.4608 4.8418 -8.1477 0.1068 0.6867
7.8738 2.6553 -9.2315 0.2540 0.7473
-6.6746 9.6734 -7.4232 0.1594 0.9980
-9.0021 6.0254 -4.9676 0.9625 0.5766
3.5495 3.6709 -3.8799 0.1916 0.7635
-4.0211 0.3731 -1.5313 0.4554 0.0156
-8.2287 8.2984 -6.6194 0.9386 0.3266
-4.7417 5.2333 -0.6889 0.5750 0.3616
-7.4685 4.0828 -7.0454 0.9998 0.1485
6.0071 0.7611 -5.8587 0.1820 0.6825
-5.2135 0.6215 -7.3940 0.4813 0.7236
-1.6332 0.4421 -3.5807 0.5230 0.8487
-7.4777 4.3010 -6.2039 0.2645 0.1956
-6.3351 4.9312 -0.3574 0.9390 0.3923
-2.9625 8.2642 -0.0422 0.8872 0.8956
4.6539 2.9374 -7.2538 0.8656 0.6537
-5.0737 0.8380 -0.8758 0.6051 0.6838
0.0829 6.2270 -7.5190 0.0117 0.9392
-1.2146 1.6696 -2.6747 0.7028 0.9280
-5.6700 2.3073 -8.7399 0.5671 0.7331
2.0006 2.3168 -9.1647 0.6213 0.1099
-1.4069 4.3348 -1.1123 0.5085 0.9703
-1.3225 9.8409 -1.4114 0.8383 0.2224
-9.2317 2.2106 -1.8793 0.9590 0.2960
-9.1437 3.2951 -1.6621 0.3803 0.9038
-0.5729 5.7817 -3.4344 0.0445 0.1467
2.5404 6.6406 -4.7490 0.7227 0.7897
-6.0108 9.6605 -3.4707 0.5000 0.2183
0.0066 0.4738 -9.0547 0.2810 0.0655
2.8425 3.2366 -8.8297 1.0000 0.1290
-6.4925 0.7362 -7.4959 0.5277 0.3763
-3.0740 1.9163 -9.2549 0.8465 0.5711
4.3257 3.2014 -1.8822 0.6482 0.5899
-1.6492 6.0782 -8.7186 0.0211 0.2325
-8.1653 9.9724 -8.6803 0.0414 0.8409
2.1835 6.8208 -5.5975 0.4081 0.2942
-5.6148 9.0775 -0.7077 0.8577 0.9984
4.1138 0.1711 -7.8000 0.3793 0.2301
-9.1713 2.0858 -2.4066 0.4930 0.9429
0.9391 4.8903 -9.6020 0.6599 0.7135
4.0280 1.9515 -2.2629 0.1540 0.3378
-8.9267 7.6203 -8.3704 0.3101 0.7179
5.1463 4.3513 -1.0218 0.5884 0.9257
3.1728 6.4232 -7.1538 0.2008 0.9941
-3.7247 5.1620 -9.3408 0.9960 0.7577
0.5185 3.4477 -8.9739 0.5318 0.5467
-3.0408 0.2081 -2.1494 0.5187 0.5522
-6.6681 4.9585 -2.5908 0.9810 0.9992
6.4584 8.8117 -8.7332 0.6834 0.8265
-4.2445 7.5906 -2.2119 0.1061 0.3275
-0.6182 2.8293 -2.2673 0.2218 0.9953
-4.9180 0.5543 -2.7428 0.9122 0.9917
6.5591 9.6815 -4.0922 0.9864 0.9875
2.9379 0.1003 -0.8738 0.9984 0.7599
-9.3645 9.6774 -2.7645 0.9968 0.9619
4.7766 5.2176 -5.2916 0.8982 0.0782
-7.0284 4.6346 -6.8939 0.9024 0.6908
9.0662 0.4461 -5.1289 0.9473 0.4911
-2.3877 9.5315 -4.9178 0.4926 0.1014
-9.3874 5.8291 -2.0366 0.1161 0.8862
-8.3186 0.0024 -9.0591 0.9709 0.3827
-4.9046 0.6627 -8.8444 0.9160 0.7463
7.2756 9.5827 -6.7383 0.4747 0.8356
-5.5948 0.3505 -9.1122 0.9982 0.5889
-1.7262 0.2646 -6.3015 0.2429 0.6989
2.0081 0.7523 -3.3021 0.9886 0.3894
-5.2201 2.5236 -7.1123 0.0797 0.5009
-2.8344 1.5758 -2.6158 0.9369 0.6197
-4.2436 7.2333 -2.2399 0.4558 0.9854
4.2783 0.5975 -4.8613 0.2745 0.3683
-1.9032 0.5117 -2.4096 0.8284 0.5354
4.2245 9.1603 -2.7227 0.5432 0.5577
-2.4286 1.1180 -2.9794 0.9278 0.4782
-3.3365 4.8745 -1.2421 0.6612 0.3845
4.5043 3.2160 -3.7912 0.8812 0.8933
2.9005 4.5242 -9.3947 0.9005 0.6539
-1.8467 0.4827 -6.8807 0.2203 0.9993
-6.1276 1.1012 -2.2699 0.6855 0.5126
-5.4567 9.0896 -5.5421 0.9974 0.2649
-4.3114 5.5133 -9.5803 0.5232 0.9120
-1.2349 5.3160 -8.9646 0.4721 0.9190
0.3378 7.4463 -2.8311 0.9759 0.8440
-1.7173 6.2274 -6.6670 0.6379 0.8669
-3.2012 9.8384 -8.6619 0.9704 0.3880
9.8186 1.0334 -6.2110 0.9730 0.7741
-2.5006 6.4208 -8.3138 0.9834 0.7500
-2.5440 6.5138 -2.4456 0.9828 0.9195
4.1181 1.4844 -3.1312 0.4661 0.2868
-0.1613 8.1975 -4.2236 0.6166 0.8304
-6.5421 1.0291 -1.9514 0.9847 0.8144
6.2726 3.8959 -0.0089 0.9965 0.0807
8.8969 4.0430 -7.7552 0.8185 0.8529
-8.4462 9.5798 -5.7008 0.8739 0.3172
4.5850 2.5406 -9.7608 0.7850 0.5121
0.6532 9.5971 -6.6470 0.7877 0.8440
3.3819 4.3532 -3.2760 0.1471 0.8193
1.5557 5.0290 -1.8792 0.4243 0.1214
-9.4260 9.4057 -6.9679 0.6810 0.5467
2.6159 4.8602 -8.7701 0.9934 0.9850
2.2717 6.4616 -6.5880 0.6185 0.0715
1.2571 6.4089 -4.3186 0.7031 0.6642
-3.2827 0.0941 -9.0594 0.3589 0.9920
6.6049 2.8157 -0.8660 0.5474 0.9992
6.7709 3.4143 -2.0868 0.5188 0.1682
-5.1067 0.5513 -3.0996 0.8704 0.9828
-1.3432 0.5642 -8.9889 0.7708 0.6648
6.2059 7.4481 -0.4927 0.9771 0.8788
-4.5645 2.9198 -3.0707 0.8998 0.5021
7.5971 6.3289 -5.2351 0.6718 0.4736
7.7897 5.1738 -3.6678 0.9948 0.9042
9.1769 7.9761 -8.8111 0.4225 0.8603
-9.3881 3.8925 -1.3808 0.3906 0.1074
3.3182 5.8176 -5.4295 0.1872 0.7498
9.4026 1.2860 -2.1022 0.7291 0.2567
-1.0552 2.8495 -7.8766 0.5049 0.9965
0.6547 2.2373 -4.5691 0.9405 0.5998
8.1273 9.5353 -8.3504 0.9296 0.6791
-5.1902 5.6160 -5.9631 0.1204 0.8299
-0.7152 0.1883 -4.8785 0.9999 0.6881
-6.5292 1.2757 -4.3957 0.1263 0.6518
-5.2477 2.3585 -6.6461 0.9974 0.8902
-4.7448 1.8274 -6.0698 0.5707 0.8951
-1.8732 0.2053 -9.4290 0.5504 0.8666
0.4407 4.5381 -8.2074 0.3904 0.4749
-5.5453 7.5013 -9.5189 0.7943 0.5219
-5.4436 1.0742 -7.0275 0.2993 0.4792
2.4784 0.7294 -7.9389 0.9262 0.9599
3.3526 7.0076 -4.6092 0.1870 0.9108
3.9231 1.1075 -8.3111 0.1521 0.1462
-4.9274 2.5578 -6.2162 0.7358 0.4578
6.9165 6.5315 -3.1731 0.9297 0.7248
-2.8529 5.3550 -1.4743 0.8872 0.6867
-1.4660 2.3946 -4.1322 0.5701 0.1057
8.5678 5.5175 -9.7509 0.9009 0.8852
6.5087 4.9396 -2.3543 0.5743 0.9331
2.6165 5.5026 -3.7721 0.8765 0.9235
5.8436 3.4562 -6.5136 0.7262 0.7547
-1.5692 4.0065 -7.5994 0.8678 0.8576
-8.4035 6.4303 -1.1617 0.0925 0.4055
-3.8496 5.4340 -0.7899 0.9759 0.5643
2.8156 7.8045 -3.5966 0.4936 0.7484
5.3023 3.7998 -7.6613 0.9979 0.6016
-9.2752 9.8508 -8.1807 0.1712 0.6411
-7.0136 8.7874 -5.0569 0.6911 0.4222
-4.7121 4.7560 -9.0794 0.3965 0.9502
8.1959 2.7474 -6.1829 0.3780 0.8090
-2.9562 4.5163 -9.1168 0.0095 0.1499
7.6249 9.6487 -4.4864 0.9754 0.4107
-8.2378 8.6658 -7.4744 0.7053 0.9580
-8.0063 9.5039 -6.6802 0.5741 0.1581
8.6499 5.4352 -2.3157 0.7387 0.5792
2.8008 3.2915 -1.1299 0.1786 0.5008
4.7094 9.0544 -6.9238 0.1524 0.7153
-9.9329 9.3981 -8.7023 0.8056 0.3599
-4.4602 3.3633 -6.8272 0.7524 0.3381
6.4273 3.8495 -1.4289 0.7449 0.9988
8.2263 1.0814 -0.2968 0.9995 0.8370
-0.3906 0.1588 -7.7016 0.6210 0.9918
7.8479 0.9222 -4.2605 0.1475 0.8562
8.3500 7.3623 -2.3852 0.5964 0.2174
-2.6185 9.1246 -3.8969 0.3471 1.0000
6.0159 9.1296 -1.6171 0.9097 0.5546
1.9481 3.2422 -9.4893 0.3869 0.2731
-9.3212 1.2587 -5.4150 0.2507 0.9528
0.5899 9.4272 -5.3064 0.9454 0.3684
8.1350 3.1018 -8.8506 0.9858 0.6327
-4.4237 1.2236 -1.6693 0.6912 0.8996
2.6116 7.1030 -0.8301 0.9459 0.1814
-4.0393 9.6726 -2.0054 0.4124 0.9707
5.8107 6.5377 -7.2789 0.4899 0.5755
2.2901 2.7365 -9.2226 0.4772 0.0940
2.3108 3.7702 -7.4281 0.6571 0.7892
-2.6608 6.1761 -9.1330 0.9947 0.8711
-3.1338 9.1058 -9.5838 0.8329 0.9738
-9.2546 9.4984 -7.1490 0.9179 0.2980
-2.0352 5.7300 -8.0924 0.2625 0.8891
4.1209 7.9425 -9.9484 0.9136 0.9578
8.2941 0.3845 -9.8496 0.1384 0.9111
-2.8808 5.4555 -0.9675 0.9623 0.2591
3.7129 9.3338 -7.2753 0.0863 0.8038
7.8633 2.2899 -2.7875 0.9999 0.8593
6.1166 1.1786 -5.0791 0.7978 0.5687
-1.9413 7.0890 -8.7483 0.5179 0.7373
-0.5451 3.8783 -9.2797 0.6389 0.0787
-2.3298 3.4996 -4.4764 0.7805 0.0504
3.1123 1.0201 -9.7865 0.2830 0.6132
8.2537 3.9136 -7.4279 0.4333 0.9973
-4.1824 7.3803 -9.3251 0.8990 0.9999
-5.9174 7.7084 -5.9675 0.0853 0.9530
-4.6737 2.1616 -6.7750 0.8728 0.2490
-4.3548 8.6364 -0.1657 0.0719 0.9697
4.7199 1.1733 -6.9581 0.0847 0.9995
-5.5195 0.4081 -6.0897 0.7193 0.9461
-6.7569 9.4140 -1.1944 0.8017 0.6854
-4.8555 8.5315 -7.7681 0.6289 0.7598
-7.7132 4.7350 -7.9386 0.7307 0.5090
6.1708 5.2917 -8.3024 0.9444 0.9279
3.1992 2.5326 -2.6899 0.6639 0.9654
-8.3162 7.8641 -5.2893 0.1199 0.8736
-8.3948 7.7769 -5.3552 0.9949 0.8819
-5.4471 2.3536 -2.5419 0.8475 0.1320
3.4149 3.1444 -9.8161 0.9741 0.4436
5.8220 8.8852 -7.5322 0.8318 0.4523
-6.5127 3.1049 -7.8353 0.1435 0.9855
-4.2822 4.5418 -7.5978 0.7746 0.1255
-8.2703 0.1015 -1.3339 0.0710 0.3008
-2.4997 8.3785 -6.9844 0.7002 0.9944
-3.6528 7.3903 -3.7222 0.0675 0.9951
-7.8923 4.6587 -0.5249 0.9969 0.5760
-1.4529 4.2585 -3.5785 0.8337 0.6706
-8.6236 9.9987 -0.6914 0.9974 0.2074
-5.0898 4.2086 -0.6070 0.0726 0.4499
6.3060 0.4561 -9.9333 0.8092 0.0620
-4.7198 8.3306 -5.8011 0.6366 0.5958
4.5939 2.7401 -4.6409 0.4275 0.5227
8.9746 6.2466 -4.2534 0.8355 0.7525
7.6609 6.1602 -4.9028 0.6752 0.9779
-0.1410 3.2752 -6.6432 0.7033 0.8283
3.4636 1.0346 -5.5948 0.8258 0.4082
1.0308 5.1868 -5.5293 0.0551 0.9059
9.4698 3.3825 -0.1580 0.4021 0.0826
1.4657 5.3324 -6.3582 0.9622 0.3515
-5.7288 6.9766 -2.2473 0.4691 0.9998
7.9938 6.8224 -6.8975 0.9833 0.2269
7.5562 6.8071 -1.5398 0.7869 0.8574
-9.3862 8.5947 -8.3494 0.5734 0.6408
-0.6074 5.9119 -2.6482 0.7244 0.9193
7.8257 7.4383 -0.0734 0.9984 0.4507
8.1574 7.4019 -6.7939 0.9932 0.3244
0.7826 8.8544 -7.8896 0.0152 0.9554
-1.5234 5.9078 -2.0992 0.8407 0.6564
-9.9646 7.9859 -6.9776 0.7040 0.6645
-0.4366 8.1126 -9.3024 0.7738 0.3266
3.9345 2.1791 -7.4249 0.7302 0.6428
1.2614 3.9540 -6.9236 0.0349 0.4578
-8.1588 3.2832 -4.1403 0.4997 0.5971
6.3067 9.7416 -3.6359 0.9058 0.9400
-3.4901 9.6119 -9.6203 0.9946 0.1733
-3.5415 3.4303 -7.3451 0.9186 0.4220
-1.3704 6.0863 -5.8830 0.9847 0.1252
4.7502 6.4612 -0.0357 0.3128 0.8623
-1.0065 6.7554 -7.5186 0.7842 0.3718
-7.0477 2.4238 -2.0680 0.7260 0.6106
8.0336 1.5804 -7.5908 0.9753 0.0173
-4.7646 3.4024 -5.9374 0.9530 0.2863
-3.2857 0.1946 -1.5424 0.4931 0.5840
0.7767 2.3413 -9.5981 0.9983 0.8643
-2.8261 3.1567 -8.7477 0.1252 0.5311
8.5640 5.3311 -0.6062 0.9963 0.3755
8.3601 3.4075 -8.5382 0.9999 0.5096
1.9545 0.2281 -3.8640 1.0000 0.9749
2.0141 1.8267 -0.2605 0.9683 0.8582
7.1838 5.2542 -3.6132 0.7940 0.8237
2.2286 0.9533 -1.1284 0.4759 0.9228
5.6436 6.2178 -4.9943 0.8625 0.4086
4.0198 4.6391 -1.9374 0.2673 0.7376
-4.0011 3.7298 -0.4205 0.7804 0.8270
-9.4030 3.2440 -1.1656 0.4721 0.4110
-1.9796 2.6442 -2.0215 0.9440 0.8454
0.1562 2.8397 -5.2066 0.7705 0.4933
6.0712 5.7794 -8.7569 0.7215 0.0505
-5.8515 4.8928 -2.7018 0.8705 0.6976
-6.2509 1.6109 -1.0951 0.2390 0.6295
0.5622 7.9601 -3.2500 0.0286 0.8233
-9.1149 7.8350 -2.1919 0.7709 0.8208
-9.9349 6.6095 -2.8570 0.9613 0.4597
-0.2178 4.9978 -2.2897 0.8646 0.2430
6.8893 7.9193 -6.2435 0.7825 0.9314
7.0173 0.2369 -7.6078 0.9018 0.2456
-7.8653 2.4925 -9.8822 0.9957 0.8979
-1.1315 7.4395 -7.4488 0.6934 0.8264
7.1399 6.0565 -6.6696 0.0457 0.9911
-7.4896 7.9308 -5.7905 0.4799 0.7808
4.0453 2.6671 -1.3753 0.1951 0.4012
0.7374 9.7951 -4.6605 0.0314 0.3710
0.7399 5.2687 -5.6122 0.1833 0.2342
5.0497 1.0468 -8.0834 0.9806 0.0278
9.6241 4.5910 -1.7396 0.6301 0.6067
7.5838 7.0287 -0.8429 0.1544 0.7185
8.2172 5.2531 -2.7266 0.8974 0.8474
5.0721 6.6151 -0.7609 0.4929 0.5684
7.8748 4.2769 -6.3338 0.0710 0.6665
7.4746 5.8692 -3.7941 0.9004 0.3338
-8.1111 0.1452 -2.1807 0.4912 0.9296
-2.0468 3.7042 -3.9703 0.6203 0.5419
4.1360 5.1520 -8.3880 0.3106 0.1374
8.5785 8.0475 -4.8082 0.5946 0.8369
1.8586 6.9455 -7.6144 0.7361 0.9758
-4.4579 6.3106 -9.5825 0.9564 0.3687
-6.0420 5.7808 -5.4858 0.2251 0.8330
2.6094 6.4015 -6.4236 0.9999 0.8614
2.2994 0.9068 -1.0535 0.9928 0.0944
3.1433 5.4274 -5.9111 0.2160 0.9752
-6.7642 8.9458 -5.0321 0.5455 0.8745
-5.3765 1.1205 -8.9943 0.9790 0.2316
6.0636 7.8462 -5.8586 0.2230 0.6148
8.4579 9.7056 -8.7706 0.3699 0.3774
-3.6174 4.7811 -4.2334 0.8783 0.8986
3.7947 1.1234 -9.5502 0.6926 0.7493
-2.3961 7.6519 -6.6156 0.7082 1.0000
6.1743 5.7644 -6.5376 0.7004 0.7098
-0.1356 2.0190 -0.0115 0.0524 0.9303
-9.3122 6.5618 -5.6683 0.4038 0.2852
6.2133 7.1516 -9.3792 0.0880 0.9658
-9.8789 3.7336 -4.8159 0.9995 0.2654
-1.2396 4.9094 -2.0389 0.9982 0.5895
-4.5636 9.7030 -3.3247 0.5806 0.9867
5.9560 4.8933 -4.8756 0.6484 0.6945
-2.5536 3.6126 -9.4518 0.0874 0.4811
8.1994 5.7320 -3.8081 0.0514 0.7340
-2.9243 1.0507 -9.3874 0.0411 0.9983
-3.2458 3.7918 -2.4227 0.1014 0.7291
-7.5979 2.0589 -2.3014 0.9033 0.3342
-7.9382 7.7099 -0.2480 0.2480 0.4586
-0.2128 5.3395 -7.9110 0.6687 0.6835
6.6538 8.0890 -8.1944 0.5935 0.9282
4.3713 3.0610 -5.5685 0.8272 0.3946
3.1473 3.5821 -0.7811 0.9687 0.0721
-0.2852 3.8555 -3.5411 0.0025 0.9046
-9.5313 0.1449 -8.0049 0.8915 0.5535
-6.0738 3.6252 -7.8399 0.9206 0.5492
-0.9419 2.9662 -8.8327 0.1419 0.5307
-6.1064 8.1456 -3.4207 0.7678 0.9737
-7.3742 3.1384 -7.7321 0.9790 0.0112
-4.3641 8.5726 -7.8988 0.7136 0.9845
-2.4717 7.5894 -1.0552 0.5576 0.3896
-3.8564 2.3185 -2.9654 0.9514 0.6790
-2.5531 4.3259 -4.7755 0.9656 0.9915
-8.2190 1.7764 -0.3617 0.5756 0.9166
-0.6285 6.0259 -4.7799 0.9035 0.5390
3.2875 1.4889 -6.3725 0.2428 0.8357
8.1577 0.2636 -3.8314 0.2529 0.5158
2.3036 2.2467 -0.0858 0.9997 0.9912
0.6700 7.8994 -6.4092 0.9771 0.5797
2.6577 9.7515 -3.8575 0.9414 0.8007
-6.3489 6.8878 -8.4602 0.8087 0.5430
-8.6736 2.8326 -3.7566 0.1701 0.9268
-6.7058 5.8395 -9.5537 0.7167 0.9208
-3.2631 7.2725 -7.0862 0.9974 0.5531
6.0347 5.4434 -1.4994 0.3631 0.3691
0.9109 4.6275 -6.4236 0.5340 0.1272
3.9421 7.7028 -6.2880 0.9996 0.9947
3.1779 9.2971 -1.3342 0.3790 0.9315
-4.5895 4.6651 -6.8630 0.9990 0.5345
-8.6433 7.8615 -4.6599 0.8962 0.3282
9.8663 4.0290 -8.3717 0.5856 0.4619
0.6124 9.7012 -2.4165 0.4066 0.8976
-1.4613 4.6037 -8.1372 0.9822 0.9985
1.7545 9.1801 -5.0324 0.9254 0.9115
-5.5418 1.4638 -8.2287 0.1912 0.9972
-3.0595 8.1774 -6.7725 0.2553 0.9775
-0.5719 6.8998 -3.8609 0.7543 0.5488
-4.1179 0.4774 -4.4375 0.9996 0.1874
-9.4072 3.5000 -3.0114 0.6796 0.7632
6.7088 6.0829 -3.3131 0.5313 0.5111
-3.2796 7.6685 -6.7216 0.0004 0.0779
1.1374 5.6630 -1.7760 0.9905 0.7724
-8.1857 0.1366 -6.0114 0.7406 0.3696
-9.2729 2.0747 -2.5729 0.9224 0.4317
4.3253 9.8990 -2.5813 0.4128 0.9023
-9.2860 5.7967 -9.7453 0.9968 0.7269
-5.8407 6.8038 -1.0808 0.7407 0.0356
4.6652 4.5699 -3.1227 0.3586 0.9761
-2.6079 4.5522 -9.6489 0.8395 0.2623
-7.7066 3.5453 -4.7251 0.1221 0.4327
-5.4763 1.7944 -6.1326 0.9659 0.2959
-7.2404 3.1434 -0.6092 0.9778 0.0322
-0.3529 5.9131 -3.4695 0.6510 0.1421
-7.9135 9.0942 -8.9838 0.9529 0.7650
-8.7342 4.5304 -2.5958 0.4165 0.8229
6.9567 8.7268 -2.5100 0.8760 0.9817
-8.0814 4.0174 -8.4398 0.9922 0.3622
6.5725 9.4132 -2.3902 0.5417 0.9780
-5.7051 1.0729 -4.1395 0.9317 0.9579
-1.7344 3.8527 -5.6054 0.6156 0.9937
0.0507 2.4155 -2.8067 0.6690 0.5772
1.4021 8.4873 -8.0016 0.2487 0.9948
8.1301 9.0841 -5.6858 0.4883 0.1648
-0.6893 5.2037 -9.0208 0.9936 0.1328
6.3861 9.5490 -3.8212 0.5413 0.0488
-2.4759 2.3765 -1.5964 0.5710 0.9947
2.8111 7.3146 -9.9431 0.0456 0.5163
-5.4703 0.5791 -3.2969 0.0855 0.0570
-0.6370 0.7031 -5.4841 0.6270 0.7001
6.6389 3.1766 -2.8474 0.8090 0.2976
-8.1340 9.2354 -4.2962 0.8079 0.1869
-9.0415 2.6461 -9.1151 0.6350 0.9821
9.9091 2.5738 -7.0569 0.0757 0.4854
1.5130 8.4263 -3.4463 0.7840 0.0111
1.9281 2.6973 -6.0975 0.5235 0.4253
2.0039 9.2259 -0.3564 0.4512 0.8135
-7.9730 2.4194 -6.1741 0.9981 0.9981
-5.1070 5.9746 -4.6486 0.8247 0.3922
-3.8757 2.4804 -5.8330 0.9372 0.7114
9.3626 2.4111 -9.7427 0.0068 0.0363
7.9990 2.9317 -9.1629 0.0620 0.9759
-8.3648 1.0253 -6.5439 0.2777 0.9999
-0.3484 2.2593 -6.6655 0.8891 0.5142
-9.6801 6.6721 -1.4910 0.5452 0.8412
4.6926 0.5675 -7.0005 0.8093 0.9918
5.0544 6.8701 -6.1590 0.3418 0.9289
8.5062 6.3758 -4.6043 0.3850 0.2007
1.7219 2.2899 -4.8778 0.9232 0.9325
9.8330 7.9073 -0.5478 0.8997 0.5106
-7.2910 1.0386 -8.2937 0.2924 0.9110
-6.8809 8.6299 -3.0349 0.6187 0.8998
3.5582 8.7189 -4.6702 0.4417 0.8430
-2.7723 7.9714 -1.8922 0.7756 0.7096
-4.2711 4.1868 -1.7407 0.5666 0.2935
8.8639 0.3772 -5.6904 0.5462 0.9987
-4.3393 7.3265 -7.2502 0.9317 0.9346
-1.0768 3.7156 -3.8400 0.9464 0.0552
8.6178 8.8371 -6.4357 0.4801 0.9014
1.2949 2.7198 -4.1299 0.3723 0.4030
8.4318 4.7274 -2.0001 0.5728 0.4986
-8.0950 5.7298 -6.8547 0.8151 0.2763
3.6566 9.8073 -4.2933 0.8093 0.9151
4.1063 2.2289 -6.6743 0.1375 0.8052
-4.5956 0.0681 -4.6661 0.8164 0.3620
6.5739 3.6469 -0.9235 0.9147 0.3564
1.7085 6.8487 -3.8960 0.3025 0.9909
-9.8301 6.8418 -0.0317 0.9869 0.3665
9.7047 0.6632 -6.2808 0.9572 0.6754
-7.3768 7.7702 -1.9080 0.8537 0.4580
-3.5136 3.5639 -2.6339 0.1707 0.9981
-6.5866 6.9441 -3.2656 0.9996 0.3464
-8.4145 8.2558 -5.4885 0.1872 0.1170
2.7199 4.6835 -1.5159 0.9456 0.3971
-9.3613 3.6194 -0.7103 0.8044 0.2030
-6.5471 2.1307 -5.8209 0.9116 0.9480
-9.1585 8.8342 -3.5158 0.9808 0.9468
-5.7036 5.8439 -9.8828 0.9018 0.9218
-7.1885 0.8654 -7.0565 0.1405 0.8486
5.0481 3.1512 -3.4719 0.1246 0.8767
7.1317 5.6739 -5.8696 0.0665 0.5786
-5.8305 6.0694 -9.3804 0.7643 0.1149
-6.6286 9.1617 -8.9812 0.9722 0.9257
6.1797 1.1058 -5.3984 0.9228 0.7526
-0.3227 2.9669 -9.2211 0.6720 0.1979
-2.3336 8.1537 -0.4031 0.0451 1.0000
-5.5328 5.7861 -1.3500 0.9473 0.5546
3.7783 5.7839 -3.8241 0.5585 0.7977
-7.1018 9.6590 -6.8232 0.0404 0.9493
2.3287 4.5938 -5.8388 0.4244 0.1108
0.0438 7.7667 -3.7682 0.1765 0.4580
2.0879 7.9665 -3.5552 0.2364 0.6519
5.5380 1.7022 -3.4780 0.8459 0.9090
-5.7574 4.1456 -1.0581 0.5306 0.7037
8.4305 1.4419 -3.4865 0.4214 0.9378
-7.3934 6.6018 -0.2005 0.8192 0.8067
1.6044 1.8276 -2.9149 0.2886 0.2480
3.3993 8.0112 -4.2359 0.8894 0.8717
9.3092 1.6946 -0.5190 0.4724 0.7093
-1.4224 6.5932 -0.8850 0.9919 0.7470
1.6958 5.8456 -9.0981 0.7957 0.9347
-0.8478 2.6820 -2.8948 0.9983 0.3972
4.6139 6.6453 -0.8286 0.6660 0.4016
-1.8021 3.6711 -4.0210 0.7925 0.8343
6.6918 7.5503 -8.1489 0.9984 0.9043
7.9004 0.1129 -7.3022 0.3106 0.3342
-6.9680 4.2732 -9.6568 0.0616 0.7291
-7.8375 4.6133 -1.9399 0.2851 0.2043
-4.6346 8.4342 -9.0950 0.9674 0.9912
-2.7882 0.5322 -3.3037 0.9607 0.7690
-3.2951 4.0786 -4.3458 0.5065 0.0752
-5.1601 5.7740 -6.1306 0.8501 0.9318
2.1451 1.2683 -4.6325 0.5184 0.9518
6.5868 7.9684 -1.6313 0.7524 0.6113
8.4459 3.1522 -9.6687 0.8490 0.8206
-4.3420 6.0333 -4.8256 0.0928 0.9928
9.2460 2.0630 -6.0278 0.8140 0.5230
-7.4633 7.4008 -7.0879 0.2637 0.9948
0.2106 1.4808 -2.8154 0.9597 0.6525
8.5694 9.5045 -1.8101 0.5840 0.9755
-2.0439 9.5256 -7.1795 0.9135 0.5909
3.3558 0.9343 -8.4058 0.3510 0.7741
-9.2899 9.5993 -4.3774 0.3220 0.1743
4.9982 8.3667 -9.4521 0.3307 0.7414
-5.0740 1.2879 -2.0879 0.6878 0.7480
9.6612 6.9559 -6.6734 0.7504 0.7307
-0.5617 2.9664 -9.0660 0.1153 0.5895
-3.2232 7.1808 -5.0928 0.2054 0.4769
2.7788 5.3518 -6.5931 0.3302 0.7732
7.4490 5.5000 -3.0245 0.8284 0.3366
-7.0710 8.7661 -1.7176 0.9942 0.8031
-7.5561 2.4683 -8.3377 0.2245 0.6218
-5.3652 2.6105 -3.7745 0.4353 0.7475
-9.4683 4.9877 -3.9393 0.9876 0.2699
-4.2897 9.1354 -3.2047 0.9857 0.8273
7.0047 8.9855 -3.1302 0.3647 0.4580
-7.5551 0.8329 -5.2869 0.7062 0.8064
-9.4710 1.8039 -6.6625 0.6923 0.9587
-8.8369 1.6144 -4.7075 0.1755 0.8418
-7.3135 6.5759 -8.3612 0.7397 0.4573
-1.0057 7.0825 -4.8328 0.6317 0.8316
-0.9090 3.3842 -7.1409 0.3262 0.8959
5.8105 5.1032 -3.6931 0.0135 0.9539
-0.7803 3.2856 -4.7747 0.7633 0.9277
5.6375 1.2648 -5.6372 0.7113 0.3798
0.6449 8.7759 -6.2383 0.9853 0.1328
0.4445 2.3232 -5.0297 0.6003 0.6372
-4.2083 6.7995 -8.9307 0.7011 0.2050
-9.0037 3.1430 -3.5882 0.3292 0.6230
2.2546 0.1929 -1.1785 0.4729 0.9732
-4.2480 3.5006 -6.9618 0.8167 0.1591
9.6963 3.1304 -9.3982 0.3226 0.7089
-1.4326 0.8747 -9.7383 0.9141 0.9571
-0.8605 9.9794 -6.7517 0.9678 0.4330
-2.3811 8.2257 -0.5410 0.1612 0.7490
7.9511 4.9383 -3.5208 0.8542 0.9081
-5.5763 8.1528 -8.1875 0.8358 0.5112
-0.4766 0.9121 -9.3611 0.1064 0.1902
9.5471 2.8855 -5.3769 0.4331 0.5717
-6.6228 8.9616 -2.7795 0.8000 0.3383
7.0961 6.3567 -6.4387 0.9942 0.9779
6.5617 4.1485 -6.4790 0.2115 0.8062
-1.9296 2.9996 -0.4501 0.1594 0.1417
-5.1440 6.2686 -5.4317 0.9929 0.3034
4.6347 3.7611 -8.8187 0.2361 0.2376
-0.9241 7.1476 -6.9306 0.3303 0.6472
7.7306 5.4562 -2.6654 0.9961 0.0591
-1.3103 8.3261 -9.2775 0.7848 0.2739
-2.7925 7.2486 -1.9161 0.3894 0.9767
-2.3807 7.2074 -0.2171 0.9175 0.9707
2.5728 3.8029 -1.8062 0.1162 0.0342
1.3050 6.4636 -4.0210 0.2630 0.9626
0.9597 7.9031 -8.6949 0.2088 0.9934
-4.4529 3.6097 -9.6489 0.9175 0.7282
-5.3477 2.2993 -0.3576 0.5996 0.7422
-4.0739 5.3752 -6.3818 0.2010 0.1068
2.9246 0.6754 -6.3971 0.5522 0.9265
5.0484 0.1456 -9.7831 0.3854 0.9439
4.6438 3.2684 -5.2238 0.8895 0.5468
7.9610 3.0594 -7.1687 0.2066 0.0903
6.5475 5.8524 -5.0938 0.6097 0.9606
-2.3304 2.5955 -0.7911 0.9877 0.6915
-1.7534 5.6356 -5.9022 0.3078 0.6409
-5.5481 0.0323 -0.7895 0.9350 0.1355
6.6126 5.5652 -3.7921 0.9943 0.2339
2.1030 4.2062 -6.2588 0.9994 0.8750
0.0088 0.7655 -0.0370 0.3168 0.6717
-6.9215 8.9243 -9.1397 0.9379 0.8944
-2.0832 4.1111 -4.7149 0.9147 0.4078
8.9370 7.9621 -9.4183 0.8569 0.8684
6.1748 1.2153 -6.4467 0.0850 0.3511
4.7518 3.5143 -8.8547 0.9951 0.3257
-1.8182 2.4642 -6.0440 0.9999 0.6344
4.6977 2.7991 -6.7886 0.9081 0.3302
-4.9361 4.9569 -1.3833 0.7490 0.0943
-4.6643 1.3768 -1.3984 0.9948 0.7644
-8.6925 7.4658 -9.7078 0.4837 0.2590
2.2055 4.5901 -1.3119 0.7686 0.3907
7.1497 8.0413 -1.6213 0.7140 0.9965
-0.7091 9.0770 -8.5745 0.8011 0.9999
1.7592 9.3774 -0.1102 0.1048 0.8508
-6.0233 4.5968 -3.7571 0.4970 0.8729
1.8111 6.1705 -2.1366 0.9981 0.3404
0.1292 0.0059 -2.6805 0.4199 0.7065
-9.2391 0.8556 -0.7822 0.1482 0.1821
3.8327 3.9302 -1.2407 0.7550 0.9978
8.6457 4.2940 -0.8689 0.0145 0.7968
-2.2728 7.0516 -0.6132 0.9917 0.7376
-3.9837 9.2346 -8.9614 0.8619 0.0899
6.2323 6.9563 -8.2693 0.5159 0.8527
-8.0150 2.8270 -2.6911 0.6972 0.3695
-9.9895 8.9058 -9.2318 0.5973 0.4539
-8.1729 7.1767 -6.4314 0.9804 0.7813
7.6953 0.5495 -0.0642 0.5359 0.0978
3.9185 9.5266 -3.3157 0.2647 0.2427
5.4425 8.0734 -0.7587 0.9881 0.8828
1.4788 0.2566 -4.8326 0.6735 0.9657
2.2778 9.6777 -4.7027 0.3657 0.8219
2.3022 0.6804 -5.0309 0.9995 0.5363
-0.3734 0.5756 -1.5575 0.2290 0.3971
8.3947 5.2354 -7.7695 0.4603 0.6748
9.7786 7.2754 -6.9153 0.5664 0.6526
-2.3005 9.4584 -0.7655 0.3719 0.0239
-1.9609 7.1949 -8.6310 0.3509 0.5362
-3.7350 6.5640 -9.1697 0.8883 0.9874
5.5258 4.7451 -5.9994 0.9505 0.3850
-7.2216 8.0891 -7.8574 0.4144 0.8487
3.9775 6.0977 -8.9363 0.6236 0.9561
-3.4820 9.3047 -9.2922 0.2962 0.5551
-9.6995 8.8498 -7.5441 0.7341 0.9908
8.5776 0.2075 -9.6395 0.6762 0.6757
6.8764 8.6228 -8.8859 0.8317 0.9911
-8.1421 3.4793 -6.6412 0.8129 0.5509
2.6189 8.7513 -2.3442 0.9388 0.4413
3.9786 6.8274 -1.7396 0.8364 0.9308
5.1619 1.4506 -4.6064 0.1103 0.6353
1.2380 4.7030 -4.7689 0.7677 0.2614
4.3290 4.1144 -8.9109 0.9921 0.3410
2.2022 8.3014 -1.8718 0.1570 0.4459
-5.7862 2.7684 -0.1877 0.9407 0.2510
-2.5023 3.1932 -7.6695 0.4761 0.9385
0.6938 4.3087 -7.7896 0.2518 0.6144
0.8132 1.3705 -0.4832 0.2457 0.6237
-1.3639 7.7373 -6.3530 0.9071 0.4025
-9.2597 7.4859 -6.9830 0.7492 0.7539
5.9049 4.3394 -8.1180 0.8649 0.9990
4.8813 8.0818 -2.5624 0.3945 0.4707
7.9803 2.5375 -1.9866 0.9344 0.9838
6.8532 1.0659 -7.1841 0.9992 0.7266
-0.4944 2.2327 -5.9418 0.9990 0.2029
4.1461 3.9360 -0.3191 0.9976 0.5504
-5.7949 1.4524 -8.1765 0.9980 1.0000
-4.8631 8.7726 -8.2139 0.6967 0.7828
-8.0069 3.0637 -2.9842 0.9999 0.2500
-4.0457 6.8443 -8.2753 0.9206 0.7021
5.7952 3.3736 -9.6114 0.9202 0.0733
-0.7310 5.8674 -9.4899 0.9971 0.0654
-9.8526 6.9086 -1.5704 0.7752 0.4458
-2.3615 7.1967 -5.6362 0.2215 0.9739
6.2591 9.3986 -6.2970 0.3031 0.0324
-4.9862 2.0568 -0.3383 0.1172 0.5924
8.7967 8.3537 -1.7679 0.2687 0.2040
8.2887 3.7710 -0.7667 0.5540 0.3986
0.3328 4.7451 -6.8897 0.4608 0.2665
-0.2776 0.3138 -0.5062 0.9450 0.6000
-1.8499 4.0620 -5.3931 0.9673 0.9460
-0.0876 9.6373 -0.7644 0.0966 0.5013
-3.3478 8.6530 -3.7186 0.9932 0.5893
4.1213 5.6966 -1.6199 0.9740 0.9915
5.0636 1.5135 -8.7877 0.3447 0.9996
-5.0633 3.6066 -8.8230 0.8866 0.9813
6.9196 1.6258 -5.8108 0.0660 0.5683
1.7971 8.3781 -0.0335 0.0839 0.5098
-2.4859 4.6439 -4.3776 0.8986 0.8349
-4.7314 4.9039 -3.2562 0.9992 0.8144
-2.7355 5.4617 -6.8348 0.7943 0.4407
-2.1730 7.3363 -0.0463 0.3864 0.8582
3.8243 3.3735 -9.4334 0.9274 0.8492
4.8312 8.8506 -5.5390 0.5256 0.0277
2.5035 1.5351 -3.3561 0.7609 0.7945
2.8129 1.4575 -6.2510 0.4634 0.9892
9.7076 1.0886 -2.4120 0.7559 0.6639
-7.1158 8.1645 -0.0827 0.7749 0.9226
-2.3523 5.3977 -3.7177 0.1754 0.0365
-8.6014 5.6271 -1.5339 0.8693 0.9739
-7.8423 3.1060 -2.5479 0.2912 0.8421
5.1152 5.3082 -9.4432 0.4842 0.9841
-9.4227 8.6749 -4.5763 0.9971 0.3068
2.3810 8.9673 -2.4387 0.6792 0.2368
-8.8372 0.7594 -3.0678 0.5017 0.8130
-5.3905 7.1830 -9.3985 0.9999 0.3605
-9.0017 1.1467 -1.0939 0.1249 0.9178
1.9026 6.9425 -9.2278 0.9443 0.9761
0.9219 2.8906 -8.9783 0.7018 0.2652
9.9225 3.1910 -7.0717 0.5222 0.6796
-7.6036 1.1359 -2.8955 0.7779 0.4144
-5.3246 9.5838 -8.3795 0.0621 0.8268
-7.5492 1.4413 -8.2817 0.9014 0.3690
3.7015 4.1187 -6.5074 0.5494 0.1433
-9.3893 0.3727 -4.7079 0.9589 0.4375
-0.7660 8.5606 -9.9648 0.9912 0.9998
-4.8900 5.0194 -9.3751 0.8996 0.9565
7.0044 9.7293 -5.5924 0.2031 0.6505
-1.4510 7.8471 -1.8352 0.8456 0.9505
9.8054 5.2903 -5.2570 0.8160 0.1166
2.5418 6.6081 -7.9016 0.1765 0.8443
4.5173 3.2814 -4.6146 0.1731 0.8310
-5.8138 1.1879 -4.1690 0.8720 0.9869
1.2969 0.1281 -1.0193 0.8709 0.4702
7.2616 0.5602 -4.0909 0.4647 0.9044
-2.9122 7.5281 -1.9863 0.2305 0.7393
-1.0543 7.1038 -7.9096 0.7497 0.0814
1.8149 8.8742 -5.9286 0.1703 0.4399
0.6749 3.0750 -0.0295 0.2241 0.5850
9.6393 4.7277 -4.5959 0.9950 0.6944
5.5060 7.2792 -9.0525 0.9432 0.7081
-5.0819 3.5933 -7.8746 0.9471 0.9552
-5.9862 7.4793 -3.2382 0.2638 0.8997
4.6866 9.9498 -6.3281 0.4183 0.9282
-0.0955 0.8498 -1.2596 0.9781 0.9950
3.3080 2.5771 -3.2949 0.9806 0.8518
0.8219 1.1299 -6.4695 0.8463 0.3344
6.3103 9.0987 -6.3070 0.5377 0.1373
-2.8729 0.2363 -1.7679 0.2436 0.3234
-0.8160 3.4518 -9.6084 0.1324 0.8794
-4.0304 8.9817 -1.4783 0.7798 0.7654
3.3196 8.8461 -3.9831 0.9591 0.8407
0.8748 3.9152 -8.8267 0.6445 0.4531
4.2014 8.5533 -5.9846 0.2716 0.3965
6.8046 3.7521 -1.7495 0.5505 0.6920
-7.1333 4.9658 -3.1497 0.9653 0.6551
-8.9780 6.7207 -4.5541 0.3278 0.6185
-3.7192 5.5116 -6.8128 0.2963 0.5700
3.8337 7.1614 -3.2940 0.0081 0.5991
-6.5618 0.2520 -2.8112 0.2495 0.1850
6.8852 8.4192 -9.5322 0.6377 0.8897
9.7990 1.4107 -8.3324 0.0624 0.7603
-9.5246 4.4491 -6.8428 0.0948 0.8172
-1.9348 0.2779 -2.1548 0.8175 0.3020
1.5025 8.0337 -9.7320 0.5439 0.7637
-1.5032 0.3531 -4.0802 0.0214 0.9968
-6.6007 4.6092 -7.7585 0.8023 0.4356
6.8729 5.8328 -7.0915 0.4927 0.8768
2.7749 9.6121 -0.5385 0.2739 0.6928
-5.8489 5.8931 -5.3344 0.8728 0.1024
-8.3455 2.7212 -1.6732 0.9874 0.9563
-9.3765 5.6589 -6.4419 0.9521 0.6835
0.1290 3.3812 -3.0035 0.4622 0.7399
7.7964 4.8322 -1.7725 0.5250 0.7069
6.7463 8.4787 -2.5509 0.5581 0.0481
-1.1514 3.0695 -5.2265 0.0024 0.4997
6.5739 7.0200 -0.2189 0.8476 0.9896
-0.0271 7.9930 -6.8625 0.2589 0.8922
3.1708 8.0402 -0.6225 0.9985 0.7268
4.9221 6.7180 -3.1910 0.9971 0.9994
-1.7075 8.6754 -4.6073 0.8042 0.7345
8.8146 2.2828 -5.6565 0.6349 0.1958
-7.4572 2.8259 -0.6602 0.6703 0.9944
8.5521 5.0013 -1.4345 0.9426 0.5265
-3.7897 1.3257 -9.2737 0.7730 0.1121
0.6390 5.0200 -5.6852 0.9027 0.3422
8.7458 1.9476 -9.9579 0.6844 0.3191
-7.8634 3.2721 -7.9373 0.8390 0.0855
-0.1619 6.0140 -2.7468 0.4335 0.3586
-1.4531 0.5757 -5.6300 0.8357 0.3013
7.4547 1.5207 -9.5312 0.3262 0.9017
9.6959 2.7324 -6.4944 0.5049 0.9518
0.6389 1.8035 -3.0985 0.6979 0.9980
7.5965 5.9690 -1.3285 0.2995 0.9458
-3.1191 7.5916 -6.9412 0.9999 0.6729
-8.8391 2.4731 -7.3532 0.9258 0.5439
-8.1681 3.7097 -4.8347 0.2933 0.7374
-2.0730 8.6609 -6.4214 0.2456 0.9981
2.9891 0.0547 -6.2965 0.7604 0.9821
6.6025 9.0292 -0.3701 0.8949 0.8194
0.7031 4.6536 -3.6088 0.7597 0.9661
-9.9111 7.6735 -5.4029 0.0646 0.7237
-4.3643 3.0472 -4.9889 0.5869 0.9986
4.4739 5.3693 -7.2847 0.5719 0.8069
-7.8445 6.3826 -8.3834 0.9999 0.7002
-4.9443 3.2011 -7.7890 0.0882 0.6034
-6.5218 3.1530 -9.9959 0.2108 0.9600
1.0884 6.2247 -3.8214 0.6015 0.5052
0.5226 1.1577 -1.3642 0.0552 0.0050
3.9046 1.1109 -0.6591 0.1885 0.6035
-0.4475 1.9707 -3.0838 0.5455 0.6798
1.5607 6.3037 -2.6930 0.2342 0.8345
-4.0591 8.3043 -0.4542 0.2687 0.9123
-6.5174 0.3917 -8.5213 0.7576 0.4876
3.0811 1.6825 -0.5527 0.8795 0.7865
-2.8701 5.9190 -4.4836 0.9552 0.4935
4.1749 4.1191 -0.7870 0.9401 0.9253
-3.8781 3.8243 -7.8328 0.1663 0.7083
-2.7977 4.6758 -0.4166 0.9061 0.9756
-7.6741 3.4006 -6.8023 0.4133 0.0928
-2.6910 4.4791 -8.4027 0.8835 0.9354
-2.3347 9.7053 -2.4935 0.0127 0.5293
-9.8927 3.9971 -7.9654 0.3378 0.8152
-9.4089 3.9968 -2.9244 0.0526 0.9754
7.9193 4.9173 -8.4824 0.7741 0.3257
-4.3001 1.3652 -9.2216 0.9716 0.4232
-2.1283 1.2586 -5.2147 0.7002 0.3722
-5.8798 1.6146 -1.9570 0.7802 0.9947
9.7558 3.9043 -9.0197 0.9220 0.7331
-8.5207 0.6917 -4.5087 0.4327 0.5563
-9.4592 1.6395 -1.5118 0.9510 0.6180
-3.5362 2.5809 -7.6100 0.3306 0.6717
1.4697 9.0153 -5.0874 0.3216 0.1064
6.4387 8.0628 -7.9895 0.9343 0.8137
2.7782 6.9834 -6.3384 0.2745 0.9953
-9.1158 0.9597 -3.7811 0.6317 0.9840
-5.1405 2.3120 -1.0240 0.9993 0.0626
-6.3389 0.0259 -2.9814 0.0870 0.3165
0.9982 7.5403 -0.9016 0.9617 0.9111
-2.7990 8.6743 -5.7713 0.7942 0.9559
9.6097 9.4720 -3.9713 0.0549 0.6908
-2.5652 4.7525 -2.9740 0.8975 0.6653
-6.3562 6.9976 -9.0952 0.9914 0.2164
6.7221 9.3830 -4.0651 0.0806 0.9827
-1.8529 7.8051 -3.4550 0.8754 0.2557
-7.8727 4.7261 -5.2204 0.9756 0.8845
-2.0114 4.3200 -0.8695 0.7155 0.4701
9.7222 0.9147 -9.9227 0.7739 0.8487
-2.7927 8.2250 -6.7583 0.6089 0.1010
9.1409 9.9716 -0.7172 0.9986 0.4375
7.0755 9.5285 -8.5051 0.4835 0.3604
-7.1197 7.6774 -5.1275 0.2917 0.1287
1.8953 5.8409 -3.6098 0.6279 0.6473
-2.8800 8.8027 -0.3659 0.4996 0.8592
-9.8322 3.4259 -2.8225 0.1958 0.0353
2.1579 3.6679 -7.3897 0.3491 0.9998
1.6606 9.7696 -2.5113 0.4312 0.4451
5.6196 8.4616 -5.0503 0.4097 0.1765
-5.0177 4.5028 -6.7660 0.3366 0.1503
-4.4763 2.0570 -1.2282 0.1812 0.9999
3.3425 2.0742 -8.7490 0.9878 0.9839
-6.4983 9.0190 -4.0452 0.2914 0.5607
-3.6335 4.6608 -3.7294 0.9950 0.1612
-7.2128 2.1199 -5.1193 0.0927 0.9962
2.6804 9.5410 -2.6909 0.4398 0.8194
-5.0239 3.8649 -7.8886 0.9861 0.9714
7.2902 4.1450 -5.1878 0.9960 0.6579
1.6811 2.3626 -0.0984 0.6118 0.1983
3.2122 9.1285 -5.4292 0.7216 0.8595
2.0193 8.6725 -7.3121 0.2765 0.9525
-1.4999 3.7349 -9.4732 0.0003 0.8291
-0.0358 6.8111 -2.2136 0.9997 0.9003
3.8221 9.2365 -8.2758 0.3745 0.1264
2.2931 2.4071 -8.0255 0.9759 0.9458
-3.1574 4.0776 -1.4809 0.3345 0.9616
4.0140 8.9364 -4.9773 0.6054 0.5906
-7.9408 6.9637 -1.6521 0.4761 0.9982
4.5857 6.8834 -2.9490 0.9617 0.0323
-3.3776 9.4257 -4.9966 0.4947 0.5283
-2.3358 3.2531 -9.4347 0.8672 0.9368
7.5065 6.1135 -6.6181 0.4311 0.3896
-1.5791 9.3266 -1.3351 0.9997 0.9025
0.9046 3.9850 -4.8244 0.3232 0.5758
8.2171 7.7275 -2.3151 0.1068 0.9806
-8.6184 3.2587 -9.3094 0.9961 0.5193
-2.0901 3.9913 -7.6074 0.9461 0.8609
-2.8897 0.6879 -3.6308 0.8689 0.7853
-4.2605 7.3150 -0.9526 0.6715 0.9009
-3.1714 1.1869 -7.9598 0.4422 0.4679
-7.1840 2.7429 -6.5967 0.9416 0.8060
7.5901 0.8608 -1.4904 0.2631 0.1339
-7.0608 3.0326 -1.6852 0.7570 0.0642
-7.9522 6.8872 -8.4859 0.7177 0.1415
-9.6973 1.3909 -3.5812 0.8787 0.9900
-2.5897 7.9327 -3.9989 0.9654 0.9620
6.9019 0.2967 -7.8078 0.0811 0.2326
-5.4013 6.4503 -2.9851 0.9980 0.9234
2.3737 7.1203 -2.4087 0.6943 0.9201
-8.0615 6.7616 -6.2508 0.9021 0.3805
9.4811 1.1836 -6.3455 0.8329 0.2544
0.7502 8.5567 -4.8291 0.7312 0.9056
-2.7514 3.5428 -9.1073 0.9998 0.8623
3.6553 8.8993 -8.7895 0.0760 0.5467
5.5082 6.8878 -1.0582 0.6407 0.5094
6.9315 7.0121 -9.7220 0.4120 0.7691
7.7749 1.7576 -2.7249 0.6822 0.8488
1.9628 4.1482 -3.2545 0.5453 0.8304
-6.2035 8.1205 -3.5561 0.6854 0.7261
7.8087 6.8515 -7.8526 0.9983 0.9807
6.4510 9.0024 -5.9793 0.7927 0.7111
6.5803 5.3497 -0.9988 0.9748 0.9969
-5.3448 9.7825 -4.0777 0.1197 0.4824
0.4296 3.8577 -8.8578 0.2448 0.0655
-9.6428 2.1713 -8.6806 0.4448 0.1458
-7.7135 2.6320 -6.7979 0.9695 0.2865
-9.0963 9.7848 -5.0606 0.9982 0.9407
8.2938 3.9209 -0.2654 0.8121 0.8191
9.4939 3.6945 -5.8171 0.5803 0.9627
8.7516 5.3601 -4.0742 0.8723 0.7216
9.0536 0.7549 -0.9122 0.1410 0.3459
7.8702 9.9914 -0.8330 0.8957 0.5506
-5.3620 4.7394 -6.1018 0.9581 0.0909
-0.1129 3.4214 -8.4446 0.7239 0.6376
-8.8484 6.4784 -6.1233 0.2027 0.2804
-8.1688 8.2550 -3.6575 0.9488 0.9814
2.1737 4.4438 -8.9056 0.9084 0.7870
6.0920 9.9186 -0.5193 0.0569 0.1207
-2.1987 0.2685 -1.3148 0.8852 0.9967
-1.5822 4.8759 -3.3709 0.0809 0.8983
7.1520 2.7761 -5.5826 0.7519 0.4585
3.0397 2.5701 -9.3728 0.6458 0.9961
-0.2844 3.2608 -1.2765 0.9527 0.8095
6.4489 5.3700 -6.1802 0.6793 0.6430
-0.2282 5.7781 -4.6869 0.1896 0.3748
-7.2679 6.1483 -7.1208 0.6990 0.1224
-9.9927 9.9315 -0.7538 0.7539 0.7138
-2.4522 8.4922 -4.3852 0.5759 0.8173
5.7369 1.5159 -7.8087 0.9380 0.7106
-9.2568 3.2431 -0.3492 0.3914 0.9990
4.5872 7.3963 -9.2026 0.2059 0.9544
-2.5697 8.4706 -1.9138 0.0899 0.3666
6.6567 2.8121 -6.1115 0.9993 0.8236
7.2628 6.1653 -4.8807 0.2260 0.2666
8.0222 6.0495 -5.4963 0.4163 0.9705
-6.8468 4.7920 -7.3765 0.9926 0.9343
3.9915 0.0725 -8.2978 0.7011 0.9852
4.0205 0.6877 -5.1834 0.6251 0.9193
8.5568 6.3496 -1.7677 0.9881 0.9886
-7.5706 2.0839 -2.2446 0.4838 0.5577
9.1199 0.1560 -1.3639 0.5958 0.7554
2.6712 6.9631 -6.4912 0.7644 0.5503
5.8828 1.1336 -2.0189 0.3027 0.3142
7.4857 6.1924 -1.5382 0.3039 0.4985
1.3391 0.6772 -5.5087 0.9994 0.8702
9.1107 7.3226 -3.5613 0.3497 0.8177
-8.0762 4.4485 -5.5293 0.5314 0.3652
-6.6123 5.0678 -2.9237 0.8609 0.2037
-6.3581 9.5342 -7.0135 0.1632 0.7689
6.9400 3.0354 -4.9003 0.9646 0.6836
3.2624 2.4744 -2.0393 0.9829 0.9517
1.0251 3.2260 -8.3466 0.0168 0.9279
-7.2743 0.4048 -1.7200 0.7872 0.0455
-5.7380 6.2627 -7.9273 0.9904 0.7763
-8.0503 3.1238 -7.3729 0.3627 0.1166
0.3719 2.9986 -5.4636 0.2865 0.8876
4.9160 7.5854 -8.0691 0.1160 0.3489
-0.0232 3.6733 -6.9374 0.7672 0.8524
-0.8358 2.4994 -4.5111 0.7132 0.9998
9.1453 3.3150 -5.7006 0.7150 0.8443
3.8998 7.3222 -9.0640 0.0961 0.7349
-8.2682 4.3809 -2.7054 0.4841 0.9708
-5.4412 6.2321 -6.5136 0.6029 0.8417
6.0186 9.0660 -2.7755 0.4790 0.0869
6.2005 5.6326 -3.1351 0.5839 0.3568
6.1578 7.8097 -0.2417 0.8713 0.9118
7.3067 9.9336 -5.3381 0.9898 0.7120
-7.7264 8.8384 -3.2358 0.5623 0.9474
4.7003 7.9816 -8.0670 0.9595 0.8152
2.8572 4.8063 -5.2098 0.5217 0.4252
8.0547 2.4188 -4.1193 0.8864 0.3403
-6.7165 3.4809 -3.8686 0.9548 0.5042
-5.9813 4.0740 -8.8204 0.9558 0.4414
-9.0396 7.9300 -8.8432 0.8874 0.8654
2.7399 6.8702 -6.6627 0.5925 0.9424
-0.2037 0.8053 -9.2065 0.9674 0.9366
6.9636 0.3278 -9.9790 0.7036 0.2795
3.6995 0.7106 -4.6066 0.2014 0.7575
-9.9502 6.1979 -7.9304 0.1553 0.7166
-9.7905 8.4768 -3.6960 0.4983 0.9927
-6.8420 9.9496 -4.7536 1.0000 0.6339
-3.1158 0.8157 -7.6221 0.6182 0.4943
-3.0150 5.2312 -2.7469 0.8058 0.3541
-3.2604 6.3228 -8.1359 0.8392 0.3930
-6.8805 4.6863 -8.7939 0.0295 0.8994
-5.2631 1.3754 -9.2964 0.9686 0.9934
-1.2311 1.6346 -7.4463 0.8276 0.5793
6.5060 9.6400 -2.3230 0.1156 0.9576
9.2023 7.2952 -9.6115 0.5382 0.9935
3.5168 8.2948 -3.6941 0.9880 0.5022
0.5071 6.3119 -5.7158 0.3794 0.3390
-8.8187 8.3820 -6.7391 0.7836 0.9889
-4.1488 8.0171 -0.3807 0.9261 0.7620
-3.1444 6.0540 -7.0233 0.9882 0.9260
1.9085 2.0310 -1.9661 0.9898 0.7337
9.4665 4.8277 -8.7585 0.0281 0.4925
-6.4696 9.4074 -9.9341 0.0480 0.6076
7.7713 4.3118 -6.6567 0.7939 0.9640
-7.8472 6.1551 -4.3290 0.9751 0.6423
4.3672 8.4599 -6.1397 0.9128 0.1167
3.4717 5.0551 -2.9264 0.3592 0.9994
-3.2154 2.5550 -4.3387 0.2259 0.3971
6.2889 9.2511 -6.8867 0.8529 0.7097
-0.7964 1.5828 -4.2301 0.9983 0.8949
