-10.5000 0.9079
-10.4500 0.7588
-10.4000 0.5948
-10.3500 0.4163
-10.3000 0.2238
-10.2500 0.0179
-10.2000 -0.2009
-10.1500 -0.4319
-10.1000 -0.6745
-10.0500 -0.9281
-10.0000 -1.1919
-9.9500 -1.4652
-9.9000 -1.7472
-9.8500 -2.0373
-9.8000 -2.3346
-9.7500 -2.6384
-9.7000 -2.9477
-9.6500 -3.2617
-9.6000 -3.5797
-9.5500 -3.9007
-9.5000 -4.2239
-9.4500 -4.5485
-9.4000 -4.8734
-9.3500 -5.1980
-9.3000 -5.5212
-9.2500 -5.8422
-9.2000 -6.1602
-9.1500 -6.4743
-9.1000 -6.7837
-9.0500 -7.0875
-9.0000 -7.3848
-8.9500 -7.6750
-8.9000 -7.9571
-8.8500 -8.2305
-8.8000 -8.4944
-8.7500 -8.7481
-8.7000 -8.9908
-8.6500 -9.2219
-8.6000 -9.4408
-8.5500 -9.6468
-8.5000 -9.8394
-8.4500 -10.0180
-8.4000 -10.1822
-8.3500 -10.3314
-8.3000 -10.4652
-8.2500 -10.5832
-8.2000 -10.6851
-8.1500 -10.7705
-8.1000 -10.8392
-8.0500 -10.8909
-8.0000 -10.9255
-7.9500 -10.9428
-7.9000 -10.9426
-7.8500 -10.9249
-7.8000 -10.8898
-7.7500 -10.8372
-7.7000 -10.7672
-7.6500 -10.6799
-7.6000 -10.5754
-7.5500 -10.4541
-7.5000 -10.3160
-7.4500 -10.1615
-7.4000 -9.9910
-7.3500 -9.8047
-7.3000 -9.6031
-7.2500 -9.3866
-7.2000 -9.1557
-7.1500 -8.9109
-7.1000 -8.6528
-7.0500 -8.3819
-7.0000 -8.0989
-6.9500 -7.8044
-6.9000 -7.4991
-6.8500 -7.1836
-6.8000 -6.8588
-6.7500 -6.5253
-6.7000 -6.1839
-6.6500 -5.8355
-6.6000 -5.4808
-6.5500 -5.1206
-6.5000 -4.7558
-6.4500 -4.3873
-6.4000 -4.0158
-6.3500 -3.6424
-6.3000 -3.2677
-6.2500 -2.8927
-6.2000 -2.5184
-6.1500 -2.1455
-6.1000 -1.7749
-6.0500 -1.4075
-6.0000 -1.0441
-5.9500 -0.6856
-5.9000 -0.3329
-5.8500 0.0133
-5.8000 0.3522
-5.7500 0.6830
-5.7000 1.0048
-5.6500 1.3170
-5.6000 1.6189
-5.5500 1.9097
-5.5000 2.1888
-5.4500 2.4555
-5.4000 2.7094
-5.3500 2.9496
-5.3000 3.1759
-5.2500 3.3875
-5.2000 3.5842
-5.1500 3.7654
-5.1000 3.9307
-5.0500 4.0798
-5.0000 4.2125
-4.9500 4.3283
-4.9000 4.4272
-4.8500 4.5088
-4.8000 4.5732
-4.7500 4.6200
-4.7000 4.6495
-4.6500 4.6614
-4.6000 4.6558
-4.5500 4.6329
-4.5000 4.5927
-4.4500 4.5354
-4.4000 4.4612
-4.3500 4.3704
-4.3000 4.2632
-4.2500 4.1399
-4.2000 4.0010
-4.1500 3.8469
-4.1000 3.6779
-4.0500 3.4947
-4.0000 3.2976
-3.9500 3.0873
-3.9000 2.8644
-3.8500 2.6294
-3.8000 2.3830
-3.7500 2.1259
-3.7000 1.8589
-3.6500 1.5825
-3.6000 1.2976
-3.5500 1.0050
-3.5000 0.7055
-3.4500 0.3998
-3.4000 0.0888
-3.3500 -0.2267
-3.3000 -0.5458
-3.2500 -0.8676
-3.2000 -1.1914
-3.1500 -1.5161
-3.1000 -1.8411
-3.0500 -2.1653
-3.0000 -2.4878
-2.9500 -2.8080
-2.9000 -3.1247
-2.8500 -3.4373
-2.8000 -3.7449
-2.7500 -4.0466
-2.7000 -4.3417
-2.6500 -4.6292
-2.6000 -4.9085
-2.5500 -5.1788
-2.5000 -5.4393
-2.4500 -5.6894
-2.4000 -5.9282
-2.3500 -6.1553
-2.3000 -6.3699
-2.2500 -6.5715
-2.2000 -6.7595
-2.1500 -6.9333
-2.1000 -7.0925
-2.0500 -7.2365
-2.0000 -7.3651
-1.9500 -7.4777
-1.9000 -7.5741
-1.8500 -7.6539
-1.8000 -7.7169
-1.7500 -7.7629
-1.7000 -7.7917
-1.6500 -7.8031
-1.6000 -7.7970
-1.5500 -7.7735
-1.5000 -7.7325
-1.4500 -7.6740
-1.4000 -7.5981
-1.3500 -7.5051
-1.3000 -7.3949
-1.2500 -7.2679
-1.2000 -7.1243
-1.1500 -6.9643
-1.1000 -6.7885
-1.0500 -6.5970
-1.0000 -6.3903
-0.9500 -6.1689
-0.9000 -5.9333
-0.8500 -5.6840
-0.8000 -5.4215
-0.7500 -5.1465
-0.7000 -4.8595
-0.6500 -4.5613
-0.6000 -4.2525
-0.5500 -3.9338
-0.5000 -3.6060
-0.4500 -3.2698
-0.4000 -2.9259
-0.3500 -2.5753
-0.3000 -2.2186
-0.2500 -1.8568
-0.2000 -1.4907
-0.1500 -1.1211
-0.1000 -0.7488
-0.0500 -0.3749
0.0000 0.0000
0.0500 0.3749
0.1000 0.7488
0.1500 1.1211
0.2000 1.4907
0.2500 1.8568
0.3000 2.2186
0.3500 2.5753
0.4000 2.9259
0.4500 3.2698
0.5000 3.6060
0.5500 3.9338
0.6000 4.2525
0.6500 4.5613
0.7000 4.8595
0.7500 5.1465
0.8000 5.4215
0.8500 5.6840
0.9000 5.9333
0.9500 6.1689
1.0000 6.3903
1.0500 6.5970
1.1000 6.7885
1.1500 6.9643
1.2000 7.1243
1.2500 7.2679
1.3000 7.3949
1.3500 7.5051
1.4000 7.5981
1.4500 7.6740
1.5000 7.7325
1.5500 7.7735
1.6000 7.7970
1.6500 7.8031
1.7000 7.7917
1.7500 7.7629
1.8000 7.7169
1.8500 7.6539
1.9000 7.5741
1.9500 7.4777
2.0000 7.3651
2.0500 7.2365
2.1000 7.0925
2.1500 6.9333
2.2000 6.7595
2.2500 6.5715
2.3000 6.3699
2.3500 6.1553
2.4000 5.9282
2.4500 5.6894
2.5000 5.4393
2.5500 5.1788
2.6000 4.9085
2.6500 4.6292
2.7000 4.3417
2.7500 4.0466
2.8000 3.7449
2.8500 3.4373
2.9000 3.1247
2.9500 2.8080
3.0000 2.4878
3.0500 2.1653
3.1000 1.8411
3.1500 1.5161
3.2000 1.1914
3.2500 0.8676
3.3000 0.5458
3.3500 0.2267
3.4000 -0.0888
3.4500 -0.3998
3.5000 -0.7055
3.5500 -1.0050
3.6000 -1.2976
3.6500 -1.5825
3.7000 -1.8589
3.7500 -2.1259
3.8000 -2.3830
3.8500 -2.6294
3.9000 -2.8644
3.9500 -3.0873
4.0000 -3.2976
4.0500 -3.4947
4.1000 -3.6779
4.1500 -3.8469
4.2000 -4.0010
4.2500 -4.1399
4.3000 -4.2632
4.3500 -4.3704
4.4000 -4.4612
4.4500 -4.5354
4.5000 -4.5927
4.5500 -4.6329
4.6000 -4.6558
4.6500 -4.6614
4.7000 -4.6495
4.7500 -4.6200
4.8000 -4.5732
4.8500 -4.5088
4.9000 -4.4272
4.9500 -4.3283
5.0000 -4.2125
5.0500 -4.0798
5.1000 -3.9307
5.1500 -3.7654
5.2000 -3.5842
5.2500 -3.3875
5.3000 -3.1759
5.3500 -2.9496
5.4000 -2.7094
5.4500 -2.4555
5.5000 -2.1888
5.5500 -1.9097
5.6000 -1.6189
5.6500 -1.3170
5.7000 -1.0048
5.7500 -0.6830
5.8000 -0.3522
5.8500 -0.0133
5.9000 0.3329
5.9500 0.6856
6.0000 1.0441
6.0500 1.4075
6.1000 1.7749
6.1500 2.1455
6.2000 2.5184
6.2500 2.8927
6.3000 3.2677
6.3500 3.6424
6.4000 4.0158
6.4500 4.3873
6.5000 4.7558
6.5500 5.1206
6.6000 5.4808
6.6500 5.8355
6.7000 6.1839
6.7500 6.5253
6.8000 6.8588
6.8500 7.1836
6.9000 7.4991
6.9500 7.8044
7.0000 8.0989
7.0500 8.3819
7.1000 8.6528
7.1500 8.9109
7.2000 9.1557
7.2500 9.3866
7.3000 9.6031
7.3500 9.8047
7.4000 9.9910
7.4500 10.1615
7.5000 10.3160
7.5500 10.4541
7.6000 10.5754
7.6500 10.6799
7.7000 10.7672
7.7500 10.8372
7.8000 10.8898
7.8500 10.9249
7.9000 10.9426
7.9500 10.9428
8.0000 10.9255
8.0500 10.8909
8.1000 10.8392
8.1500 10.7705
8.2000 10.6851
8.2500 10.5832
8.3000 10.4652
8.3500 10.3314
8.4000 10.1822
8.4500 10.0180
8.5000 9.8394
8.5500 9.6468
8.6000 9.4408
8.6500 9.2219
8.7000 8.9908
8.7500 8.7481
8.8000 8.4944
8.8500 8.2305
8.9000 7.9571
8.9500 7.6750
9.0000 7.3848
9.0500 7.0875
9.1000 6.7837
9.1500 6.4743
9.2000 6.1602
9.2500 5.8422
9.3000 5.5212
9.3500 5.1980
9.4000 4.8734
9.4500 4.5485
9.5000 4.2239
9.5500 3.9007
9.6000 3.5797
9.6500 3.2617
9.7000 2.9477
9.7500 2.6384
9.8000 2.3346
9.8500 2.0373
9.9000 1.7472
9.9500 1.4652
10.0000 1.1919
10.0500 0.9281
10.1000 0.6745
10.1500 0.4319
10.2000 0.2009
10.2500 -0.0179
10.3000 -0.2238
10.3500 -0.4163
10.4000 -0.5948
10.4500 -0.7588
