-10.5000 0.9079
-10.4900 0.8793
-10.4800 0.8501
-10.4700 0.8203
-10.4600 0.7898
-10.4500 0.7588
-10.4400 0.7272
-10.4300 0.6950
-10.4200 0.6622
-10.4100 0.6288
-10.4000 0.5948
-10.3900 0.5602
-10.3800 0.5251
-10.3700 0.4894
-10.3600 0.4531
-10.3500 0.4163
-10.3400 0.3789
-10.3300 0.3409
-10.3200 0.3024
-10.3100 0.2634
-10.3000 0.2238
-10.2900 0.1837
-10.2800 0.1430
-10.2700 0.1018
-10.2600 0.0601
-10.2500 0.0179
-10.2400 -0.0249
-10.2300 -0.0681
-10.2200 -0.1119
-10.2100 -0.1561
-10.2000 -0.2009
-10.1900 -0.2461
-10.1800 -0.2918
-10.1700 -0.3381
-10.1600 -0.3847
-10.1500 -0.4319
-10.1400 -0.4795
-10.1300 -0.5276
-10.1200 -0.5761
-10.1100 -0.6251
-10.1000 -0.6745
-10.0900 -0.7244
-10.0800 -0.7747
-10.0700 -0.8254
-10.0600 -0.8765
-10.0500 -0.9281
-10.0400 -0.9800
-10.0300 -1.0324
-10.0200 -1.0852
-10.0100 -1.1383
-10.0000 -1.1919
-9.9900 -1.2458
-9.9800 -1.3001
-9.9700 -1.3547
-9.9600 -1.4098
-9.9500 -1.4652
-9.9400 -1.5209
-9.9300 -1.5770
-9.9200 -1.6334
-9.9100 -1.6902
-9.9000 -1.7472
-9.8900 -1.8047
-9.8800 -1.8624
-9.8700 -1.9204
-9.8600 -1.9787
-9.8500 -2.0373
-9.8400 -2.0962
-9.8300 -2.1554
-9.8200 -2.2149
-9.8100 -2.2746
-9.8000 -2.3346
-9.7900 -2.3949
-9.7800 -2.4554
-9.7700 -2.5162
-9.7600 -2.5771
-9.7500 -2.6384
-9.7400 -2.6998
-9.7300 -2.7615
-9.7200 -2.8233
-9.7100 -2.8854
-9.7000 -2.9477
-9.6900 -3.0101
-9.6800 -3.0728
-9.6700 -3.1356
-9.6600 -3.1986
-9.6500 -3.2617
-9.6400 -3.3250
-9.6300 -3.3885
-9.6200 -3.4521
-9.6100 -3.5158
-9.6000 -3.5797
-9.5900 -3.6437
-9.5800 -3.7078
-9.5700 -3.7720
-9.5600 -3.8363
-9.5500 -3.9007
-9.5400 -3.9652
-9.5300 -4.0298
-9.5200 -4.0945
-9.5100 -4.1592
-9.5000 -4.2239
-9.4900 -4.2888
-9.4800 -4.3536
-9.4700 -4.4186
-9.4600 -4.4835
-9.4500 -4.5485
-9.4400 -4.6134
-9.4300 -4.6784
-9.4200 -4.7434
-9.4100 -4.8084
-9.4000 -4.8734
-9.3900 -4.9384
-9.3800 -5.0033
-9.3700 -5.0683
-9.3600 -5.1331
-9.3500 -5.1980
-9.3400 -5.2627
-9.3300 -5.3275
-9.3200 -5.3921
-9.3100 -5.4567
-9.3000 -5.5212
-9.2900 -5.5856
-9.2800 -5.6499
-9.2700 -5.7141
-9.2600 -5.7782
-9.2500 -5.8422
-9.2400 -5.9061
-9.2300 -5.9698
-9.2200 -6.0334
-9.2100 -6.0969
-9.2000 -6.1602
-9.1900 -6.2234
-9.1800 -6.2864
-9.1700 -6.3492
-9.1600 -6.4119
-9.1500 -6.4743
-9.1400 -6.5366
-9.1300 -6.5987
-9.1200 -6.6606
-9.1100 -6.7222
-9.1000 -6.7837
-9.0900 -6.8449
-9.0800 -6.9059
-9.0700 -6.9667
-9.0600 -7.0272
-9.0500 -7.0875
-9.0400 -7.1475
-9.0300 -7.2072
-9.0200 -7.2667
-9.0100 -7.3259
-9.0000 -7.3848
-8.9900 -7.4435
-8.9800 -7.5018
-8.9700 -7.5598
-8.9600 -7.6176
-8.9500 -7.6750
-8.9400 -7.7321
-8.9300 -7.7889
-8.9200 -7.8453
-8.9100 -7.9014
-8.9000 -7.9571
-8.8900 -8.0126
-8.8800 -8.0676
-8.8700 -8.1223
-8.8600 -8.1766
-8.8500 -8.2305
-8.8400 -8.2841
-8.8300 -8.3373
-8.8200 -8.3901
-8.8100 -8.4424
-8.8000 -8.4944
-8.7900 -8.5460
-8.7800 -8.5971
-8.7700 -8.6479
-8.7600 -8.6982
-8.7500 -8.7481
-8.7400 -8.7975
-8.7300 -8.8465
-8.7200 -8.8951
-8.7100 -8.9431
-8.7000 -8.9908
-8.6900 -9.0380
-8.6800 -9.0847
-8.6700 -9.1309
-8.6600 -9.1766
-8.6500 -9.2219
-8.6400 -9.2667
-8.6300 -9.3110
-8.6200 -9.3547
-8.6100 -9.3980
-8.6000 -9.4408
-8.5900 -9.4830
-8.5800 -9.5248
-8.5700 -9.5660
-8.5600 -9.6067
-8.5500 -9.6468
-8.5400 -9.6864
-8.5300 -9.7255
-8.5200 -9.7640
-8.5100 -9.8020
-8.5000 -9.8394
-8.4900 -9.8763
-8.4800 -9.9126
-8.4700 -9.9483
-8.4600 -9.9835
-8.4500 -10.0180
-8.4400 -10.0520
-8.4300 -10.0855
-8.4200 -10.1183
-8.4100 -10.1505
-8.4000 -10.1822
-8.3900 -10.2132
-8.3800 -10.2437
-8.3700 -10.2735
-8.3600 -10.3028
-8.3500 -10.3314
-8.3400 -10.3594
-8.3300 -10.3868
-8.3200 -10.4136
-8.3100 -10.4397
-8.3000 -10.4652
-8.2900 -10.4901
-8.2800 -10.5143
-8.2700 -10.5379
-8.2600 -10.5609
-8.2500 -10.5832
-8.2400 -10.6049
-8.2300 -10.6259
-8.2200 -10.6463
-8.2100 -10.6660
-8.2000 -10.6851
-8.1900 -10.7035
-8.1800 -10.7213
-8.1700 -10.7384
-8.1600 -10.7548
-8.1500 -10.7705
-8.1400 -10.7856
-8.1300 -10.8000
-8.1200 -10.8138
-8.1100 -10.8268
-8.1000 -10.8392
-8.0900 -10.8509
-8.0800 -10.8620
-8.0700 -10.8723
-8.0600 -10.8820
-8.0500 -10.8909
-8.0400 -10.8992
-8.0300 -10.9068
-8.0200 -10.9138
-8.0100 -10.9200
-8.0000 -10.9255
-7.9900 -10.9303
-7.9800 -10.9345
-7.9700 -10.9379
-7.9600 -10.9407
-7.9500 -10.9428
-7.9400 -10.9441
-7.9300 -10.9448
-7.9200 -10.9448
-7.9100 -10.9440
-7.9000 -10.9426
-7.8900 -10.9405
-7.8800 -10.9376
-7.8700 -10.9341
-7.8600 -10.9299
-7.8500 -10.9249
-7.8400 -10.9193
-7.8300 -10.9130
-7.8200 -10.9060
-7.8100 -10.8982
-7.8000 -10.8898
-7.7900 -10.8807
-7.7800 -10.8709
-7.7700 -10.8603
-7.7600 -10.8491
-7.7500 -10.8372
-7.7400 -10.8246
-7.7300 -10.8113
-7.7200 -10.7973
-7.7100 -10.7826
-7.7000 -10.7672
-7.6900 -10.7511
-7.6800 -10.7343
-7.6700 -10.7169
-7.6600 -10.6987
-7.6500 -10.6799
-7.6400 -10.6604
-7.6300 -10.6401
-7.6200 -10.6193
-7.6100 -10.5977
-7.6000 -10.5754
-7.5900 -10.5525
-7.5800 -10.5289
-7.5700 -10.5046
-7.5600 -10.4797
-7.5500 -10.4541
-7.5400 -10.4278
-7.5300 -10.4008
-7.5200 -10.3732
-7.5100 -10.3449
-7.5000 -10.3160
-7.4900 -10.2864
-7.4800 -10.2562
-7.4700 -10.2253
-7.4600 -10.1937
-7.4500 -10.1615
-7.4400 -10.1287
-7.4300 -10.0952
-7.4200 -10.0611
-7.4100 -10.0263
-7.4000 -9.9910
-7.3900 -9.9549
-7.3800 -9.9183
-7.3700 -9.8810
-7.3600 -9.8432
-7.3500 -9.8047
-7.3400 -9.7656
-7.3300 -9.7258
-7.3200 -9.6855
-7.3100 -9.6446
-7.3000 -9.6031
-7.2900 -9.5609
-7.2800 -9.5182
-7.2700 -9.4749
-7.2600 -9.4310
-7.2500 -9.3866
-7.2400 -9.3415
-7.2300 -9.2959
-7.2200 -9.2497
-7.2100 -9.2030
-7.2000 -9.1557
-7.1900 -9.1078
-7.1800 -9.0594
-7.1700 -9.0104
-7.1600 -8.9609
-7.1500 -8.9109
-7.1400 -8.8603
-7.1300 -8.8092
-7.1200 -8.7576
-7.1100 -8.7054
-7.1000 -8.6528
-7.0900 -8.5996
-7.0800 -8.5459
-7.0700 -8.4918
-7.0600 -8.4371
-7.0500 -8.3819
-7.0400 -8.3263
-7.0300 -8.2701
-7.0200 -8.2135
-7.0100 -8.1564
-7.0000 -8.0989
-6.9900 -8.0409
-6.9800 -7.9824
-6.9700 -7.9235
-6.9600 -7.8642
-6.9500 -7.8044
-6.9400 -7.7442
-6.9300 -7.6835
-6.9200 -7.6225
-6.9100 -7.5610
-6.9000 -7.4991
-6.8900 -7.4368
-6.8800 -7.3741
-6.8700 -7.3110
-6.8600 -7.2475
-6.8500 -7.1836
-6.8400 -7.1194
-6.8300 -7.0548
-6.8200 -6.9898
-6.8100 -6.9245
-6.8000 -6.8588
-6.7900 -6.7928
-6.7800 -6.7264
-6.7700 -6.6597
-6.7600 -6.5927
-6.7500 -6.5253
-6.7400 -6.4576
-6.7300 -6.3897
-6.7200 -6.3214
-6.7100 -6.2528
-6.7000 -6.1839
-6.6900 -6.1148
-6.6800 -6.0454
-6.6700 -5.9757
-6.6600 -5.9057
-6.6500 -5.8355
-6.6400 -5.7650
-6.6300 -5.6943
-6.6200 -5.6234
-6.6100 -5.5522
-6.6000 -5.4808
-6.5900 -5.4092
-6.5800 -5.3373
-6.5700 -5.2653
-6.5600 -5.1931
-6.5500 -5.1206
-6.5400 -5.0480
-6.5300 -4.9752
-6.5200 -4.9023
-6.5100 -4.8291
-6.5000 -4.7558
-6.4900 -4.6824
-6.4800 -4.6088
-6.4700 -4.5351
-6.4600 -4.4613
-6.4500 -4.3873
-6.4400 -4.3132
-6.4300 -4.2390
-6.4200 -4.1647
-6.4100 -4.0903
-6.4000 -4.0158
-6.3900 -3.9413
-6.3800 -3.8666
-6.3700 -3.7919
-6.3600 -3.7172
-6.3500 -3.6424
-6.3400 -3.5675
-6.3300 -3.4926
-6.3200 -3.4176
-6.3100 -3.3427
-6.3000 -3.2677
-6.2900 -3.1927
-6.2800 -3.1177
-6.2700 -3.0427
-6.2600 -2.9677
-6.2500 -2.8927
-6.2400 -2.8178
-6.2300 -2.7429
-6.2200 -2.6680
-6.2100 -2.5932
-6.2000 -2.5184
-6.1900 -2.4436
-6.1800 -2.3690
-6.1700 -2.2944
-6.1600 -2.2199
-6.1500 -2.1455
-6.1400 -2.0711
-6.1300 -1.9969
-6.1200 -1.9228
-6.1100 -1.8488
-6.1000 -1.7749
-6.0900 -1.7011
-6.0800 -1.6275
-6.0700 -1.5540
-6.0600 -1.4806
-6.0500 -1.4075
-6.0400 -1.3344
-6.0300 -1.2616
-6.0200 -1.1889
-6.0100 -1.1164
-6.0000 -1.0441
-5.9900 -0.9720
-5.9800 -0.9001
-5.9700 -0.8284
-5.9600 -0.7569
-5.9500 -0.6856
-5.9400 -0.6146
-5.9300 -0.5438
-5.9200 -0.4732
-5.9100 -0.4029
-5.9000 -0.3329
-5.8900 -0.2631
-5.8800 -0.1935
-5.8700 -0.1243
-5.8600 -0.0553
-5.8500 0.0133
-5.8400 0.0817
-5.8300 0.1498
-5.8200 0.2176
-5.8100 0.2851
-5.8000 0.3522
-5.7900 0.4190
-5.7800 0.4855
-5.7700 0.5517
-5.7600 0.6175
-5.7500 0.6830
-5.7400 0.7481
-5.7300 0.8128
-5.7200 0.8772
-5.7100 0.9412
-5.7000 1.0048
-5.6900 1.0680
-5.6800 1.1309
-5.6700 1.1933
-5.6600 1.2554
-5.6500 1.3170
-5.6400 1.3782
-5.6300 1.4390
-5.6200 1.4994
-5.6100 1.5594
-5.6000 1.6189
-5.5900 1.6779
-5.5800 1.7366
-5.5700 1.7947
-5.5600 1.8524
-5.5500 1.9097
-5.5400 1.9665
-5.5300 2.0228
-5.5200 2.0786
-5.5100 2.1339
-5.5000 2.1888
-5.4900 2.2431
-5.4800 2.2970
-5.4700 2.3504
-5.4600 2.4032
-5.4500 2.4555
-5.4400 2.5074
-5.4300 2.5587
-5.4200 2.6094
-5.4100 2.6597
-5.4000 2.7094
-5.3900 2.7585
-5.3800 2.8071
-5.3700 2.8552
-5.3600 2.9027
-5.3500 2.9496
-5.3400 2.9960
-5.3300 3.0418
-5.3200 3.0871
-5.3100 3.1318
-5.3000 3.1759
-5.2900 3.2194
-5.2800 3.2623
-5.2700 3.3047
-5.2600 3.3464
-5.2500 3.3875
-5.2400 3.4281
-5.2300 3.4680
-5.2200 3.5074
-5.2100 3.5461
-5.2000 3.5842
-5.1900 3.6217
-5.1800 3.6585
-5.1700 3.6948
-5.1600 3.7304
-5.1500 3.7654
-5.1400 3.7997
-5.1300 3.8334
-5.1200 3.8665
-5.1100 3.8989
-5.1000 3.9307
-5.0900 3.9618
-5.0800 3.9923
-5.0700 4.0222
-5.0600 4.0513
-5.0500 4.0798
-5.0400 4.1077
-5.0300 4.1349
-5.0200 4.1614
-5.0100 4.1873
-5.0000 4.2125
-4.9900 4.2370
-4.9800 4.2608
-4.9700 4.2840
-4.9600 4.3065
-4.9500 4.3283
-4.9400 4.3495
-4.9300 4.3699
-4.9200 4.3897
-4.9100 4.4088
-4.9000 4.4272
-4.8900 4.4449
-4.8800 4.4619
-4.8700 4.4782
-4.8600 4.4939
-4.8500 4.5088
-4.8400 4.5231
-4.8300 4.5366
-4.8200 4.5495
-4.8100 4.5617
-4.8000 4.5732
-4.7900 4.5839
-4.7800 4.5940
-4.7700 4.6034
-4.7600 4.6121
-4.7500 4.6200
-4.7400 4.6273
-4.7300 4.6339
-4.7200 4.6398
-4.7100 4.6450
-4.7000 4.6495
-4.6900 4.6532
-4.6800 4.6563
-4.6700 4.6587
-4.6600 4.6604
-4.6500 4.6614
-4.6400 4.6617
-4.6300 4.6613
-4.6200 4.6601
-4.6100 4.6583
-4.6000 4.6558
-4.5900 4.6526
-4.5800 4.6487
-4.5700 4.6442
-4.5600 4.6389
-4.5500 4.6329
-4.5400 4.6262
-4.5300 4.6189
-4.5200 4.6109
-4.5100 4.6021
-4.5000 4.5927
-4.4900 4.5826
-4.4800 4.5718
-4.4700 4.5604
-4.4600 4.5482
-4.4500 4.5354
-4.4400 4.5219
-4.4300 4.5077
-4.4200 4.4929
-4.4100 4.4774
-4.4000 4.4612
-4.3900 4.4444
-4.3800 4.4269
-4.3700 4.4087
-4.3600 4.3899
-4.3500 4.3704
-4.3400 4.3502
-4.3300 4.3294
-4.3200 4.3080
-4.3100 4.2859
-4.3000 4.2632
-4.2900 4.2398
-4.2800 4.2158
-4.2700 4.1911
-4.2600 4.1658
-4.2500 4.1399
-4.2400 4.1134
-4.2300 4.0862
-4.2200 4.0584
-4.2100 4.0300
-4.2000 4.0010
-4.1900 3.9714
-4.1800 3.9412
-4.1700 3.9103
-4.1600 3.8789
-4.1500 3.8469
-4.1400 3.8143
-4.1300 3.7811
-4.1200 3.7473
-4.1100 3.7129
-4.1000 3.6779
-4.0900 3.6424
-4.0800 3.6063
-4.0700 3.5697
-4.0600 3.5325
-4.0500 3.4947
-4.0400 3.4564
-4.0300 3.4175
-4.0200 3.3781
-4.0100 3.3381
-4.0000 3.2976
-3.9900 3.2566
-3.9800 3.2151
-3.9700 3.1730
-3.9600 3.1304
-3.9500 3.0873
-3.9400 3.0437
-3.9300 2.9996
-3.9200 2.9550
-3.9100 2.9099
-3.9000 2.8644
-3.8900 2.8183
-3.8800 2.7718
-3.8700 2.7248
-3.8600 2.6773
-3.8500 2.6294
-3.8400 2.5810
-3.8300 2.5322
-3.8200 2.4829
-3.8100 2.4332
-3.8000 2.3830
-3.7900 2.3324
-3.7800 2.2814
-3.7700 2.2300
-3.7600 2.1782
-3.7500 2.1259
-3.7400 2.0733
-3.7300 2.0203
-3.7200 1.9668
-3.7100 1.9130
-3.7000 1.8589
-3.6900 1.8043
-3.6800 1.7494
-3.6700 1.6941
-3.6600 1.6385
-3.6500 1.5825
-3.6400 1.5262
-3.6300 1.4695
-3.6200 1.4126
-3.6100 1.3553
-3.6000 1.2976
-3.5900 1.2397
-3.5800 1.1815
-3.5700 1.1230
-3.5600 1.0641
-3.5500 1.0050
-3.5400 0.9457
-3.5300 0.8860
-3.5200 0.8261
-3.5100 0.7659
-3.5000 0.7055
-3.4900 0.6448
-3.4800 0.5839
-3.4700 0.5228
-3.4600 0.4614
-3.4500 0.3998
-3.4400 0.3380
-3.4300 0.2760
-3.4200 0.2138
-3.4100 0.1514
-3.4000 0.0888
-3.3900 0.0260
-3.3800 -0.0369
-3.3700 -0.1000
-3.3600 -0.1633
-3.3500 -0.2267
-3.3400 -0.2902
-3.3300 -0.3539
-3.3200 -0.4178
-3.3100 -0.4817
-3.3000 -0.5458
-3.2900 -0.6100
-3.2800 -0.6742
-3.2700 -0.7386
-3.2600 -0.8031
-3.2500 -0.8676
-3.2400 -0.9323
-3.2300 -0.9970
-3.2200 -1.0617
-3.2100 -1.1265
-3.2000 -1.1914
-3.1900 -1.2563
-3.1800 -1.3212
-3.1700 -1.3862
-3.1600 -1.4512
-3.1500 -1.5161
-3.1400 -1.5811
-3.1300 -1.6461
-3.1200 -1.7111
-3.1100 -1.7761
-3.1000 -1.8411
-3.0900 -1.9060
-3.0800 -1.9709
-3.0700 -2.0357
-3.0600 -2.1005
-3.0500 -2.1653
-3.0400 -2.2299
-3.0300 -2.2945
-3.0200 -2.3591
-3.0100 -2.4235
-3.0000 -2.4878
-2.9900 -2.5521
-2.9800 -2.6162
-2.9700 -2.6803
-2.9600 -2.7442
-2.9500 -2.8080
-2.9400 -2.8716
-2.9300 -2.9351
-2.9200 -2.9985
-2.9100 -3.0617
-2.9000 -3.1247
-2.8900 -3.1876
-2.8800 -3.2503
-2.8700 -3.3129
-2.8600 -3.3752
-2.8500 -3.4373
-2.8400 -3.4993
-2.8300 -3.5610
-2.8200 -3.6225
-2.8100 -3.6838
-2.8000 -3.7449
-2.7900 -3.8058
-2.7800 -3.8664
-2.7700 -3.9267
-2.7600 -3.9868
-2.7500 -4.0466
-2.7400 -4.1062
-2.7300 -4.1655
-2.7200 -4.2245
-2.7100 -4.2832
-2.7000 -4.3417
-2.6900 -4.3998
-2.6800 -4.4576
-2.6700 -4.5151
-2.6600 -4.5723
-2.6500 -4.6292
-2.6400 -4.6858
-2.6300 -4.7420
-2.6200 -4.7978
-2.6100 -4.8533
-2.6000 -4.9085
-2.5900 -4.9633
-2.5800 -5.0177
-2.5700 -5.0718
-2.5600 -5.1255
-2.5500 -5.1788
-2.5400 -5.2317
-2.5300 -5.2842
-2.5200 -5.3363
-2.5100 -5.3880
-2.5000 -5.4393
-2.4900 -5.4902
-2.4800 -5.5406
-2.4700 -5.5906
-2.4600 -5.6402
-2.4500 -5.6894
-2.4400 -5.7380
-2.4300 -5.7863
-2.4200 -5.8341
-2.4100 -5.8814
-2.4000 -5.9282
-2.3900 -5.9746
-2.3800 -6.0205
-2.3700 -6.0659
-2.3600 -6.1109
-2.3500 -6.1553
-2.3400 -6.1993
-2.3300 -6.2427
-2.3200 -6.2856
-2.3100 -6.3280
-2.3000 -6.3699
-2.2900 -6.4113
-2.2800 -6.4522
-2.2700 -6.4925
-2.2600 -6.5323
-2.2500 -6.5715
-2.2400 -6.6102
-2.2300 -6.6484
-2.2200 -6.6860
-2.2100 -6.7230
-2.2000 -6.7595
-2.1900 -6.7954
-2.1800 -6.8307
-2.1700 -6.8655
-2.1600 -6.8997
-2.1500 -6.9333
-2.1400 -6.9663
-2.1300 -6.9987
-2.1200 -7.0306
-2.1100 -7.0618
-2.1000 -7.0925
-2.0900 -7.1225
-2.0800 -7.1519
-2.0700 -7.1807
-2.0600 -7.2090
-2.0500 -7.2365
-2.0400 -7.2635
-2.0300 -7.2898
-2.0200 -7.3156
-2.0100 -7.3406
-2.0000 -7.3651
-1.9900 -7.3889
-1.9800 -7.4121
-1.9700 -7.4346
-1.9600 -7.4565
-1.9500 -7.4777
-1.9400 -7.4983
-1.9300 -7.5182
-1.9200 -7.5375
-1.9100 -7.5561
-1.9000 -7.5741
-1.8900 -7.5914
-1.8800 -7.6080
-1.8700 -7.6240
-1.8600 -7.6393
-1.8500 -7.6539
-1.8400 -7.6679
-1.8300 -7.6812
-1.8200 -7.6938
-1.8100 -7.7057
-1.8000 -7.7169
-1.7900 -7.7275
-1.7800 -7.7374
-1.7700 -7.7466
-1.7600 -7.7551
-1.7500 -7.7629
-1.7400 -7.7700
-1.7300 -7.7765
-1.7200 -7.7822
-1.7100 -7.7873
-1.7000 -7.7917
-1.6900 -7.7953
-1.6800 -7.7983
-1.6700 -7.8006
-1.6600 -7.8022
-1.6500 -7.8031
-1.6400 -7.8032
-1.6300 -7.8027
-1.6200 -7.8015
-1.6100 -7.7996
-1.6000 -7.7970
-1.5900 -7.7937
-1.5800 -7.7897
-1.5700 -7.7850
-1.5600 -7.7796
-1.5500 -7.7735
-1.5400 -7.7667
-1.5300 -7.7592
-1.5200 -7.7510
-1.5100 -7.7421
-1.5000 -7.7325
-1.4900 -7.7222
-1.4800 -7.7112
-1.4700 -7.6995
-1.4600 -7.6871
-1.4500 -7.6740
-1.4400 -7.6602
-1.4300 -7.6457
-1.4200 -7.6306
-1.4100 -7.6147
-1.4000 -7.5981
-1.3900 -7.5809
-1.3800 -7.5630
-1.3700 -7.5444
-1.3600 -7.5251
-1.3500 -7.5051
-1.3400 -7.4844
-1.3300 -7.4630
-1.3200 -7.4410
-1.3100 -7.4183
-1.3000 -7.3949
-1.2900 -7.3708
-1.2800 -7.3461
-1.2700 -7.3207
-1.2600 -7.2946
-1.2500 -7.2679
-1.2400 -7.2405
-1.2300 -7.2124
-1.2200 -7.1837
-1.2100 -7.1543
-1.2000 -7.1243
-1.1900 -7.0936
-1.1800 -7.0622
-1.1700 -7.0303
-1.1600 -6.9976
-1.1500 -6.9643
-1.1400 -6.9304
-1.1300 -6.8959
-1.1200 -6.8607
-1.1100 -6.8249
-1.1000 -6.7885
-1.0900 -6.7514
-1.0800 -6.7137
-1.0700 -6.6754
-1.0600 -6.6365
-1.0500 -6.5970
-1.0400 -6.5568
-1.0300 -6.5161
-1.0200 -6.4748
-1.0100 -6.4328
-1.0000 -6.3903
-0.9900 -6.3472
-0.9800 -6.3035
-0.9700 -6.2592
-0.9600 -6.2143
-0.9500 -6.1689
-0.9400 -6.1229
-0.9300 -6.0763
-0.9200 -6.0292
-0.9100 -5.9815
-0.9000 -5.9333
-0.8900 -5.8845
-0.8800 -5.8352
-0.8700 -5.7853
-0.8600 -5.7349
-0.8500 -5.6840
-0.8400 -5.6325
-0.8300 -5.5805
-0.8200 -5.5280
-0.8100 -5.4750
-0.8000 -5.4215
-0.7900 -5.3675
-0.7800 -5.3130
-0.7700 -5.2579
-0.7600 -5.2025
-0.7500 -5.1465
-0.7400 -5.0900
-0.7300 -5.0331
-0.7200 -4.9757
-0.7100 -4.9178
-0.7000 -4.8595
-0.6900 -4.8008
-0.6800 -4.7416
-0.6700 -4.6819
-0.6600 -4.6218
-0.6500 -4.5613
-0.6400 -4.5004
-0.6300 -4.4390
-0.6200 -4.3772
-0.6100 -4.3151
-0.6000 -4.2525
-0.5900 -4.1895
-0.5800 -4.1262
-0.5700 -4.0624
-0.5600 -3.9983
-0.5500 -3.9338
-0.5400 -3.8690
-0.5300 -3.8037
-0.5200 -3.7382
-0.5100 -3.6722
-0.5000 -3.6060
-0.4900 -3.5394
-0.4800 -3.4725
-0.4700 -3.4052
-0.4600 -3.3376
-0.4500 -3.2698
-0.4400 -3.2016
-0.4300 -3.1331
-0.4200 -3.0643
-0.4100 -2.9953
-0.4000 -2.9259
-0.3900 -2.8563
-0.3800 -2.7864
-0.3700 -2.7163
-0.3600 -2.6459
-0.3500 -2.5753
-0.3400 -2.5044
-0.3300 -2.4333
-0.3200 -2.3620
-0.3100 -2.2904
-0.3000 -2.2186
-0.2900 -2.1467
-0.2800 -2.0745
-0.2700 -2.0021
-0.2600 -1.9296
-0.2500 -1.8568
-0.2400 -1.7839
-0.2300 -1.7108
-0.2200 -1.6376
-0.2100 -1.5642
-0.2000 -1.4907
-0.1900 -1.4170
-0.1800 -1.3432
-0.1700 -1.2693
-0.1600 -1.1952
-0.1500 -1.1211
-0.1400 -1.0468
-0.1300 -0.9724
-0.1200 -0.8980
-0.1100 -0.8234
-0.1000 -0.7488
-0.0900 -0.6741
-0.0800 -0.5994
-0.0700 -0.5246
-0.0600 -0.4497
-0.0500 -0.3749
-0.0400 -0.2999
-0.0300 -0.2250
-0.0200 -0.1500
-0.0100 -0.0750
-0.0000 -0.0000
0.0100 0.0750
0.0200 0.1500
0.0300 0.2250
0.0400 0.2999
0.0500 0.3749
0.0600 0.4497
0.0700 0.5246
0.0800 0.5994
0.0900 0.6741
0.1000 0.7488
0.1100 0.8234
0.1200 0.8980
0.1300 0.9724
0.1400 1.0468
0.1500 1.1211
0.1600 1.1952
0.1700 1.2693
0.1800 1.3432
0.1900 1.4170
0.2000 1.4907
0.2100 1.5642
0.2200 1.6376
0.2300 1.7108
0.2400 1.7839
0.2500 1.8568
0.2600 1.9296
0.2700 2.0021
0.2800 2.0745
0.2900 2.1467
0.3000 2.2186
0.3100 2.2904
0.3200 2.3620
0.3300 2.4333
0.3400 2.5044
0.3500 2.5753
0.3600 2.6459
0.3700 2.7163
0.3800 2.7864
0.3900 2.8563
0.4000 2.9259
0.4100 2.9953
0.4200 3.0643
0.4300 3.1331
0.4400 3.2016
0.4500 3.2698
0.4600 3.3376
0.4700 3.4052
0.4800 3.4725
0.4900 3.5394
0.5000 3.6060
0.5100 3.6722
0.5200 3.7382
0.5300 3.8037
0.5400 3.8690
0.5500 3.9338
0.5600 3.9983
0.5700 4.0624
0.5800 4.1262
0.5900 4.1895
0.6000 4.2525
0.6100 4.3151
0.6200 4.3772
0.6300 4.4390
0.6400 4.5004
0.6500 4.5613
0.6600 4.6218
0.6700 4.6819
0.6800 4.7416
0.6900 4.8008
0.7000 4.8595
0.7100 4.9178
0.7200 4.9757
0.7300 5.0331
0.7400 5.0900
0.7500 5.1465
0.7600 5.2025
0.7700 5.2579
0.7800 5.3130
0.7900 5.3675
0.8000 5.4215
0.8100 5.4750
0.8200 5.5280
0.8300 5.5805
0.8400 5.6325
0.8500 5.6840
0.8600 5.7349
0.8700 5.7853
0.8800 5.8352
0.8900 5.8845
0.9000 5.9333
0.9100 5.9815
0.9200 6.0292
0.9300 6.0763
0.9400 6.1229
0.9500 6.1689
0.9600 6.2143
0.9700 6.2592
0.9800 6.3035
0.9900 6.3472
1.0000 6.3903
1.0100 6.4328
1.0200 6.4748
1.0300 6.5161
1.0400 6.5568
1.0500 6.5970
1.0600 6.6365
1.0700 6.6754
1.0800 6.7137
1.0900 6.7514
1.1000 6.7885
1.1100 6.8249
1.1200 6.8607
1.1300 6.8959
1.1400 6.9304
1.1500 6.9643
1.1600 6.9976
1.1700 7.0303
1.1800 7.0622
1.1900 7.0936
1.2000 7.1243
1.2100 7.1543
1.2200 7.1837
1.2300 7.2124
1.2400 7.2405
1.2500 7.2679
1.2600 7.2946
1.2700 7.3207
1.2800 7.3461
1.2900 7.3708
1.3000 7.3949
1.3100 7.4183
1.3200 7.4410
1.3300 7.4630
1.3400 7.4844
1.3500 7.5051
1.3600 7.5251
1.3700 7.5444
1.3800 7.5630
1.3900 7.5809
1.4000 7.5981
1.4100 7.6147
1.4200 7.6306
1.4300 7.6457
1.4400 7.6602
1.4500 7.6740
1.4600 7.6871
1.4700 7.6995
1.4800 7.7112
1.4900 7.7222
1.5000 7.7325
1.5100 7.7421
1.5200 7.7510
1.5300 7.7592
1.5400 7.7667
1.5500 7.7735
1.5600 7.7796
1.5700 7.7850
1.5800 7.7897
1.5900 7.7937
1.6000 7.7970
1.6100 7.7996
1.6200 7.8015
1.6300 7.8027
1.6400 7.8032
1.6500 7.8031
1.6600 7.8022
1.6700 7.8006
1.6800 7.7983
1.6900 7.7953
1.7000 7.7917
1.7100 7.7873
1.7200 7.7822
1.7300 7.7765
1.7400 7.7700
1.7500 7.7629
1.7600 7.7551
1.7700 7.7466
1.7800 7.7374
1.7900 7.7275
1.8000 7.7169
1.8100 7.7057
1.8200 7.6938
1.8300 7.6812
1.8400 7.6679
1.8500 7.6539
1.8600 7.6393
1.8700 7.6240
1.8800 7.6080
1.8900 7.5914
1.9000 7.5741
1.9100 7.5561
1.9200 7.5375
1.9300 7.5182
1.9400 7.4983
1.9500 7.4777
1.9600 7.4565
1.9700 7.4346
1.9800 7.4121
1.9900 7.3889
2.0000 7.3651
2.0100 7.3406
2.0200 7.3156
2.0300 7.2898
2.0400 7.2635
2.0500 7.2365
2.0600 7.2090
2.0700 7.1807
2.0800 7.1519
2.0900 7.1225
2.1000 7.0925
2.1100 7.0618
2.1200 7.0306
2.1300 6.9987
2.1400 6.9663
2.1500 6.9333
2.1600 6.8997
2.1700 6.8655
2.1800 6.8307
2.1900 6.7954
2.2000 6.7595
2.2100 6.7230
2.2200 6.6860
2.2300 6.6484
2.2400 6.6102
2.2500 6.5715
2.2600 6.5323
2.2700 6.4925
2.2800 6.4522
2.2900 6.4113
2.3000 6.3699
2.3100 6.3280
2.3200 6.2856
2.3300 6.2427
2.3400 6.1993
2.3500 6.1553
2.3600 6.1109
2.3700 6.0659
2.3800 6.0205
2.3900 5.9746
2.4000 5.9282
2.4100 5.8814
2.4200 5.8341
2.4300 5.7863
2.4400 5.7380
2.4500 5.6894
2.4600 5.6402
2.4700 5.5906
2.4800 5.5406
2.4900 5.4902
2.5000 5.4393
2.5100 5.3880
2.5200 5.3363
2.5300 5.2842
2.5400 5.2317
2.5500 5.1788
2.5600 5.1255
2.5700 5.0718
2.5800 5.0177
2.5900 4.9633
2.6000 4.9085
2.6100 4.8533
2.6200 4.7978
2.6300 4.7420
2.6400 4.6858
2.6500 4.6292
2.6600 4.5723
2.6700 4.5151
2.6800 4.4576
2.6900 4.3998
2.7000 4.3417
2.7100 4.2832
2.7200 4.2245
2.7300 4.1655
2.7400 4.1062
2.7500 4.0466
2.7600 3.9868
2.7700 3.9267
2.7800 3.8664
2.7900 3.8058
2.8000 3.7449
2.8100 3.6838
2.8200 3.6225
2.8300 3.5610
2.8400 3.4993
2.8500 3.4373
2.8600 3.3752
2.8700 3.3129
2.8800 3.2503
2.8900 3.1876
2.9000 3.1247
2.9100 3.0617
2.9200 2.9985
2.9300 2.9351
2.9400 2.8716
2.9500 2.8080
2.9600 2.7442
2.9700 2.6803
2.9800 2.6162
2.9900 2.5521
3.0000 2.4878
3.0100 2.4235
3.0200 2.3591
3.0300 2.2945
3.0400 2.2299
3.0500 2.1653
3.0600 2.1005
3.0700 2.0357
3.0800 1.9709
3.0900 1.9060
3.1000 1.8411
3.1100 1.7761
3.1200 1.7111
3.1300 1.6461
3.1400 1.5811
3.1500 1.5161
3.1600 1.4512
3.1700 1.3862
3.1800 1.3212
3.1900 1.2563
3.2000 1.1914
3.2100 1.1265
3.2200 1.0617
3.2300 0.9970
3.2400 0.9323
3.2500 0.8676
3.2600 0.8031
3.2700 0.7386
3.2800 0.6742
3.2900 0.6100
3.3000 0.5458
3.3100 0.4817
3.3200 0.4178
3.3300 0.3539
3.3400 0.2902
3.3500 0.2267
3.3600 0.1633
3.3700 0.1000
3.3800 0.0369
3.3900 -0.0260
3.4000 -0.0888
3.4100 -0.1514
3.4200 -0.2138
3.4300 -0.2760
3.4400 -0.3380
3.4500 -0.3998
3.4600 -0.4614
3.4700 -0.5228
3.4800 -0.5839
3.4900 -0.6448
3.5000 -0.7055
3.5100 -0.7659
3.5200 -0.8261
3.5300 -0.8860
3.5400 -0.9457
3.5500 -1.0050
3.5600 -1.0641
3.5700 -1.1230
3.5800 -1.1815
3.5900 -1.2397
3.6000 -1.2976
3.6100 -1.3553
3.6200 -1.4126
3.6300 -1.4695
3.6400 -1.5262
3.6500 -1.5825
3.6600 -1.6385
3.6700 -1.6941
3.6800 -1.7494
3.6900 -1.8043
3.7000 -1.8589
3.7100 -1.9130
3.7200 -1.9668
3.7300 -2.0203
3.7400 -2.0733
3.7500 -2.1259
3.7600 -2.1782
3.7700 -2.2300
3.7800 -2.2814
3.7900 -2.3324
3.8000 -2.3830
3.8100 -2.4332
3.8200 -2.4829
3.8300 -2.5322
3.8400 -2.5810
3.8500 -2.6294
3.8600 -2.6773
3.8700 -2.7248
3.8800 -2.7718
3.8900 -2.8183
3.9000 -2.8644
3.9100 -2.9099
3.9200 -2.9550
3.9300 -2.9996
3.9400 -3.0437
3.9500 -3.0873
3.9600 -3.1304
3.9700 -3.1730
3.9800 -3.2151
3.9900 -3.2566
4.0000 -3.2976
4.0100 -3.3381
4.0200 -3.3781
4.0300 -3.4175
4.0400 -3.4564
4.0500 -3.4947
4.0600 -3.5325
4.0700 -3.5697
4.0800 -3.6063
4.0900 -3.6424
4.1000 -3.6779
4.1100 -3.7129
4.1200 -3.7473
4.1300 -3.7811
4.1400 -3.8143
4.1500 -3.8469
4.1600 -3.8789
4.1700 -3.9103
4.1800 -3.9412
4.1900 -3.9714
4.2000 -4.0010
4.2100 -4.0300
4.2200 -4.0584
4.2300 -4.0862
4.2400 -4.1134
4.2500 -4.1399
4.2600 -4.1658
4.2700 -4.1911
4.2800 -4.2158
4.2900 -4.2398
4.3000 -4.2632
4.3100 -4.2859
4.3200 -4.3080
4.3300 -4.3294
4.3400 -4.3502
4.3500 -4.3704
4.3600 -4.3899
4.3700 -4.4087
4.3800 -4.4269
4.3900 -4.4444
4.4000 -4.4612
4.4100 -4.4774
4.4200 -4.4929
4.4300 -4.5077
4.4400 -4.5219
4.4500 -4.5354
4.4600 -4.5482
4.4700 -4.5604
4.4800 -4.5718
4.4900 -4.5826
4.5000 -4.5927
4.5100 -4.6021
4.5200 -4.6109
4.5300 -4.6189
4.5400 -4.6262
4.5500 -4.6329
4.5600 -4.6389
4.5700 -4.6442
4.5800 -4.6487
4.5900 -4.6526
4.6000 -4.6558
4.6100 -4.6583
4.6200 -4.6601
4.6300 -4.6613
4.6400 -4.6617
4.6500 -4.6614
4.6600 -4.6604
4.6700 -4.6587
4.6800 -4.6563
4.6900 -4.6532
4.7000 -4.6495
4.7100 -4.6450
4.7200 -4.6398
4.7300 -4.6339
4.7400 -4.6273
4.7500 -4.6200
4.7600 -4.6121
4.7700 -4.6034
4.7800 -4.5940
4.7900 -4.5839
4.8000 -4.5732
4.8100 -4.5617
4.8200 -4.5495
4.8300 -4.5366
4.8400 -4.5231
4.8500 -4.5088
4.8600 -4.4939
4.8700 -4.4782
4.8800 -4.4619
4.8900 -4.4449
4.9000 -4.4272
4.9100 -4.4088
4.9200 -4.3897
4.9300 -4.3699
4.9400 -4.3495
4.9500 -4.3283
4.9600 -4.3065
4.9700 -4.2840
4.9800 -4.2608
4.9900 -4.2370
5.0000 -4.2125
5.0100 -4.1873
5.0200 -4.1614
5.0300 -4.1349
5.0400 -4.1077
5.0500 -4.0798
5.0600 -4.0513
5.0700 -4.0222
5.0800 -3.9923
5.0900 -3.9618
5.1000 -3.9307
5.1100 -3.8989
5.1200 -3.8665
5.1300 -3.8334
5.1400 -3.7997
5.1500 -3.7654
5.1600 -3.7304
5.1700 -3.6948
5.1800 -3.6585
5.1900 -3.6217
5.2000 -3.5842
5.2100 -3.5461
5.2200 -3.5074
5.2300 -3.4680
5.2400 -3.4281
5.2500 -3.3875
5.2600 -3.3464
5.2700 -3.3047
5.2800 -3.2623
5.2900 -3.2194
5.3000 -3.1759
5.3100 -3.1318
5.3200 -3.0871
5.3300 -3.0418
5.3400 -2.9960
5.3500 -2.9496
5.3600 -2.9027
5.3700 -2.8552
5.3800 -2.8071
5.3900 -2.7585
5.4000 -2.7094
5.4100 -2.6597
5.4200 -2.6094
5.4300 -2.5587
5.4400 -2.5074
5.4500 -2.4555
5.4600 -2.4032
5.4700 -2.3504
5.4800 -2.2970
5.4900 -2.2431
5.5000 -2.1888
5.5100 -2.1339
5.5200 -2.0786
5.5300 -2.0228
5.5400 -1.9665
5.5500 -1.9097
5.5600 -1.8524
5.5700 -1.7947
5.5800 -1.7366
5.5900 -1.6779
5.6000 -1.6189
5.6100 -1.5594
5.6200 -1.4994
5.6300 -1.4390
5.6400 -1.3782
5.6500 -1.3170
5.6600 -1.2554
5.6700 -1.1933
5.6800 -1.1309
5.6900 -1.0680
5.7000 -1.0048
5.7100 -0.9412
5.7200 -0.8772
5.7300 -0.8128
5.7400 -0.7481
5.7500 -0.6830
5.7600 -0.6175
5.7700 -0.5517
5.7800 -0.4855
5.7900 -0.4190
5.8000 -0.3522
5.8100 -0.2851
5.8200 -0.2176
5.8300 -0.1498
5.8400 -0.0817
5.8500 -0.0133
5.8600 0.0553
5.8700 0.1243
5.8800 0.1935
5.8900 0.2631
5.9000 0.3329
5.9100 0.4029
5.9200 0.4732
5.9300 0.5438
5.9400 0.6146
5.9500 0.6856
5.9600 0.7569
5.9700 0.8284
5.9800 0.9001
5.9900 0.9720
6.0000 1.0441
6.0100 1.1164
6.0200 1.1889
6.0300 1.2616
6.0400 1.3344
6.0500 1.4075
6.0600 1.4806
6.0700 1.5540
6.0800 1.6275
6.0900 1.7011
6.1000 1.7749
6.1100 1.8488
6.1200 1.9228
6.1300 1.9969
6.1400 2.0711
6.1500 2.1455
6.1600 2.2199
6.1700 2.2944
6.1800 2.3690
6.1900 2.4436
6.2000 2.5184
6.2100 2.5932
6.2200 2.6680
6.2300 2.7429
6.2400 2.8178
6.2500 2.8927
6.2600 2.9677
6.2700 3.0427
6.2800 3.1177
6.2900 3.1927
6.3000 3.2677
6.3100 3.3427
6.3200 3.4176
6.3300 3.4926
6.3400 3.5675
6.3500 3.6424
6.3600 3.7172
6.3700 3.7919
6.3800 3.8666
6.3900 3.9413
6.4000 4.0158
6.4100 4.0903
6.4200 4.1647
6.4300 4.2390
6.4400 4.3132
6.4500 4.3873
6.4600 4.4613
6.4700 4.5351
6.4800 4.6088
6.4900 4.6824
6.5000 4.7558
6.5100 4.8291
6.5200 4.9023
6.5300 4.9752
6.5400 5.0480
6.5500 5.1206
6.5600 5.1931
6.5700 5.2653
6.5800 5.3373
6.5900 5.4092
6.6000 5.4808
6.6100 5.5522
6.6200 5.6234
6.6300 5.6943
6.6400 5.7650
6.6500 5.8355
6.6600 5.9057
6.6700 5.9757
6.6800 6.0454
6.6900 6.1148
6.7000 6.1839
6.7100 6.2528
6.7200 6.3214
6.7300 6.3897
6.7400 6.4576
6.7500 6.5253
6.7600 6.5927
6.7700 6.6597
6.7800 6.7264
6.7900 6.7928
6.8000 6.8588
6.8100 6.9245
6.8200 6.9898
6.8300 7.0548
6.8400 7.1194
6.8500 7.1836
6.8600 7.2475
6.8700 7.3110
6.8800 7.3741
6.8900 7.4368
6.9000 7.4991
6.9100 7.5610
6.9200 7.6225
6.9300 7.6835
6.9400 7.7442
6.9500 7.8044
6.9600 7.8642
6.9700 7.9235
6.9800 7.9824
6.9900 8.0409
7.0000 8.0989
7.0100 8.1564
7.0200 8.2135
7.0300 8.2701
7.0400 8.3263
7.0500 8.3819
7.0600 8.4371
7.0700 8.4918
7.0800 8.5459
7.0900 8.5996
7.1000 8.6528
7.1100 8.7054
7.1200 8.7576
7.1300 8.8092
7.1400 8.8603
7.1500 8.9109
7.1600 8.9609
7.1700 9.0104
7.1800 9.0594
7.1900 9.1078
7.2000 9.1557
7.2100 9.2030
7.2200 9.2497
7.2300 9.2959
7.2400 9.3415
7.2500 9.3866
7.2600 9.4310
7.2700 9.4749
7.2800 9.5182
7.2900 9.5609
7.3000 9.6031
7.3100 9.6446
7.3200 9.6855
7.3300 9.7258
7.3400 9.7656
7.3500 9.8047
7.3600 9.8432
7.3700 9.8810
7.3800 9.9183
7.3900 9.9549
7.4000 9.9910
7.4100 10.0263
7.4200 10.0611
7.4300 10.0952
7.4400 10.1287
7.4500 10.1615
7.4600 10.1937
7.4700 10.2253
7.4800 10.2562
7.4900 10.2864
7.5000 10.3160
7.5100 10.3449
7.5200 10.3732
7.5300 10.4008
7.5400 10.4278
7.5500 10.4541
7.5600 10.4797
7.5700 10.5046
7.5800 10.5289
7.5900 10.5525
7.6000 10.5754
7.6100 10.5977
7.6200 10.6193
7.6300 10.6401
7.6400 10.6604
7.6500 10.6799
7.6600 10.6987
7.6700 10.7169
7.6800 10.7343
7.6900 10.7511
7.7000 10.7672
7.7100 10.7826
7.7200 10.7973
7.7300 10.8113
7.7400 10.8246
7.7500 10.8372
7.7600 10.8491
7.7700 10.8603
7.7800 10.8709
7.7900 10.8807
7.8000 10.8898
7.8100 10.8982
7.8200 10.9060
7.8300 10.9130
7.8400 10.9193
7.8500 10.9249
7.8600 10.9299
7.8700 10.9341
7.8800 10.9376
7.8900 10.9405
7.9000 10.9426
7.9100 10.9440
7.9200 10.9448
7.9300 10.9448
7.9400 10.9441
7.9500 10.9428
7.9600 10.9407
7.9700 10.9379
7.9800 10.9345
7.9900 10.9303
8.0000 10.9255
8.0100 10.9200
8.0200 10.9138
8.0300 10.9068
8.0400 10.8992
8.0500 10.8909
8.0600 10.8820
8.0700 10.8723
8.0800 10.8620
8.0900 10.8509
8.1000 10.8392
8.1100 10.8268
8.1200 10.8138
8.1300 10.8000
8.1400 10.7856
8.1500 10.7705
8.1600 10.7548
8.1700 10.7384
8.1800 10.7213
8.1900 10.7035
8.2000 10.6851
8.2100 10.6660
8.2200 10.6463
8.2300 10.6259
8.2400 10.6049
8.2500 10.5832
8.2600 10.5609
8.2700 10.5379
8.2800 10.5143
8.2900 10.4901
8.3000 10.4652
8.3100 10.4397
8.3200 10.4136
8.3300 10.3868
8.3400 10.3594
8.3500 10.3314
8.3600 10.3028
8.3700 10.2735
8.3800 10.2437
8.3900 10.2132
8.4000 10.1822
8.4100 10.1505
8.4200 10.1183
8.4300 10.0855
8.4400 10.0520
8.4500 10.0180
8.4600 9.9835
8.4700 9.9483
8.4800 9.9126
8.4900 9.8763
8.5000 9.8394
8.5100 9.8020
8.5200 9.7640
8.5300 9.7255
8.5400 9.6864
8.5500 9.6468
8.5600 9.6067
8.5700 9.5660
8.5800 9.5248
8.5900 9.4830
8.6000 9.4408
8.6100 9.3980
8.6200 9.3547
8.6300 9.3110
8.6400 9.2667
8.6500 9.2219
8.6600 9.1766
8.6700 9.1309
8.6800 9.0847
8.6900 9.0380
8.7000 8.9908
8.7100 8.9431
8.7200 8.8951
8.7300 8.8465
8.7400 8.7975
8.7500 8.7481
8.7600 8.6982
8.7700 8.6479
8.7800 8.5971
8.7900 8.5460
8.8000 8.4944
8.8100 8.4424
8.8200 8.3901
8.8300 8.3373
8.8400 8.2841
8.8500 8.2305
8.8600 8.1766
8.8700 8.1223
8.8800 8.0676
8.8900 8.0126
8.9000 7.9571
8.9100 7.9014
8.9200 7.8453
8.9300 7.7889
8.9400 7.7321
8.9500 7.6750
8.9600 7.6176
8.9700 7.5598
8.9800 7.5018
8.9900 7.4435
9.0000 7.3848
9.0100 7.3259
9.0200 7.2667
9.0300 7.2072
9.0400 7.1475
9.0500 7.0875
9.0600 7.0272
9.0700 6.9667
9.0800 6.9059
9.0900 6.8449
9.1000 6.7837
9.1100 6.7222
9.1200 6.6606
9.1300 6.5987
9.1400 6.5366
9.1500 6.4743
9.1600 6.4119
9.1700 6.3492
9.1800 6.2864
9.1900 6.2234
9.2000 6.1602
9.2100 6.0969
9.2200 6.0334
9.2300 5.9698
9.2400 5.9061
9.2500 5.8422
9.2600 5.7782
9.2700 5.7141
9.2800 5.6499
9.2900 5.5856
9.3000 5.5212
9.3100 5.4567
9.3200 5.3921
9.3300 5.3275
9.3400 5.2627
9.3500 5.1980
9.3600 5.1331
9.3700 5.0683
9.3800 5.0033
9.3900 4.9384
9.4000 4.8734
9.4100 4.8084
9.4200 4.7434
9.4300 4.6784
9.4400 4.6134
9.4500 4.5485
9.4600 4.4835
9.4700 4.4186
9.4800 4.3536
9.4900 4.2888
9.5000 4.2239
9.5100 4.1592
9.5200 4.0945
9.5300 4.0298
9.5400 3.9652
9.5500 3.9007
9.5600 3.8363
9.5700 3.7720
9.5800 3.7078
9.5900 3.6437
9.6000 3.5797
9.6100 3.5158
9.6200 3.4521
9.6300 3.3885
9.6400 3.3250
9.6500 3.2617
9.6600 3.1986
9.6700 3.1356
9.6800 3.0728
9.6900 3.0101
9.7000 2.9477
9.7100 2.8854
9.7200 2.8233
9.7300 2.7615
9.7400 2.6998
9.7500 2.6384
9.7600 2.5771
9.7700 2.5162
9.7800 2.4554
9.7900 2.3949
9.8000 2.3346
9.8100 2.2746
9.8200 2.2149
9.8300 2.1554
9.8400 2.0962
9.8500 2.0373
9.8600 1.9787
9.8700 1.9204
9.8800 1.8624
9.8900 1.8047
9.9000 1.7472
9.9100 1.6902
9.9200 1.6334
9.9300 1.5770
9.9400 1.5209
9.9500 1.4652
9.9600 1.4098
9.9700 1.3547
9.9800 1.3001
9.9900 1.2458
10.0000 1.1919
10.0100 1.1383
10.0200 1.0852
10.0300 1.0324
10.0400 0.9800
10.0500 0.9281
10.0600 0.8765
10.0700 0.8254
10.0800 0.7747
10.0900 0.7244
10.1000 0.6745
10.1100 0.6251
10.1200 0.5761
10.1300 0.5276
10.1400 0.4795
10.1500 0.4319
10.1600 0.3847
10.1700 0.3381
10.1800 0.2918
10.1900 0.2461
10.2000 0.2009
10.2100 0.1561
10.2200 0.1119
10.2300 0.0681
10.2400 0.0249
10.2500 -0.0179
10.2600 -0.0601
10.2700 -0.1018
10.2800 -0.1430
10.2900 -0.1837
10.3000 -0.2238
10.3100 -0.2634
10.3200 -0.3024
10.3300 -0.3409
10.3400 -0.3789
10.3500 -0.4163
10.3600 -0.4531
10.3700 -0.4894
10.3800 -0.5251
10.3900 -0.5602
10.4000 -0.5948
10.4100 -0.6288
10.4200 -0.6622
10.4300 -0.6950
10.4400 -0.7272
10.4500 -0.7588
10.4600 -0.7898
10.4700 -0.8203
10.4800 -0.8501
10.4900 -0.8793