0 49.4765
1 41.2255
2 34.8475
3 30.8868
4 28.7379
5 27.6298
6 27.0518
7 26.736
8 26.5512
9 26.4331
10 26.3494
11 26.2832
12 26.2256
13 26.1716
14 26.1183
15 26.064
16 26.0078
17 25.9488
18 25.8866
19 25.8209
20 25.7513
21 25.6776
22 25.5995
23 25.5168
24 25.4292
25 25.3365
26 25.2386
27 25.1352
28 25.0262
29 24.9114
30 24.7908
31 24.6642
32 24.5317
33 24.3931
34 24.2484
35 24.0978
36 23.9414
37 23.7792
38 23.6114
39 23.4383
40 23.2602
41 23.0772
42 22.8898
43 22.6982
44 22.503
45 22.3046
46 22.1033
47 21.8998
48 21.6944
49 21.4877
50 21.2802
51 21.0724
52 20.8647
53 20.6578
54 20.452
55 20.2477
56 20.0455
57 19.8457
58 19.6486
59 19.4545
60 19.2638
61 19.0767
62 18.8934
63 18.7142
64 18.5391
65 18.3682
66 18.2018
67 18.0397
68 17.8822
69 17.7291
70 17.5805
71 17.4364
72 17.2967
73 17.1614
74 17.0304
75 16.9036
76 16.781
77 16.6624
78 16.5477
79 16.4369
80 16.3297
81 16.2262
82 16.1262
83 16.0296
84 15.9363
85 15.8461
86 15.759
87 15.6747
88 15.5934
89 15.5147
90 15.4386
91 15.365
92 15.2939
93 15.225
94 15.1584
95 15.0939
96 15.0314
97 14.9709
98 14.9123
99 14.8555
100 14.8004
101 14.7469
102 14.695
103 14.6447
104 14.5958
105 14.5482
106 14.5021
107 14.4572
108 14.4135
109 14.371
110 14.3296
111 14.2893
112 14.2501
113 14.2118
114 14.1745
115 14.138
116 14.1025
117 14.0678
118 14.0339
119 14.0008
120 13.9684
121 13.9368
122 13.9058
123 13.8754
124 13.8457
125 13.8166
126 13.7881
127 13.7601
128 13.7327
129 13.7058
130 13.6794
131 13.6534
132 13.6279
133 13.6029
134 13.5782
135 13.554
136 13.5302
137 13.5067
138 13.4836
139 13.4608
140 13.4384
141 13.4163
142 13.3945
143 13.373
144 13.3518
145 13.3308
146 13.3102
147 13.2898
148 13.2696
149 13.2496
150 13.2299
151 13.2104
152 13.1912
153 13.1721
154 13.1532
155 13.1345
156 13.116
157 13.0977
158 13.0795
159 13.0615
160 13.0437
161 13.026
162 13.0085
163 12.9911
164 12.9738
165 12.9567
166 12.9397
167 12.9228
168 12.906
169 12.8894
170 12.8728
171 12.8564
172 12.84
173 12.8238
174 12.8077
175 12.7916
176 12.7756
177 12.7598
178 12.744
179 12.7282
180 12.7126
181 12.697
182 12.6815
183 12.6661
184 12.6507
185 12.6354
186 12.6202
187 12.605
188 12.5899
189 12.5748
190 12.5598
191 12.5448
192 12.5299
193 12.515
194 12.5001
195 12.4853
196 12.4706
197 12.4558
198 12.4411
199 12.4265
200 12.4118
201 12.3972
202 12.3827
203 12.3681
204 12.3536
205 12.3391
206 12.3246
207 12.3102
208 12.2957
209 12.2813
210 12.2669
211 12.2525
212 12.2381
213 12.2237
214 12.2093
215 12.1949
216 12.1805
217 12.1661
218 12.1517
219 12.1373
220 12.1229
221 12.1085
222 12.0941
223 12.0797
224 12.0652
225 12.0508
226 12.0363
227 12.0218
228 12.0072
229 11.9927
230 11.9781
231 11.9635
232 11.9488
233 11.9342
234 11.9194
235 11.9047
236 11.8899
237 11.875
238 11.8601
239 11.8452
240 11.8302
241 11.8152
242 11.8
243 11.7849
244 11.7697
245 11.7544
246 11.739
247 11.7236
248 11.7081
249 11.6926
250 11.6769
251 11.6612
252 11.6455
253 11.6296
254 11.6136
255 11.5976
256 11.5815
257 11.5653
258 11.549
259 11.5326
260 11.5161
261 11.4996
262 11.4829
263 11.4661
264 11.4493
265 11.4323
266 11.4153
267 11.3981
268 11.3808
269 11.3634
270 11.346
271 11.3284
272 11.3107
273 11.2929
274 11.2749
275 11.2569
276 11.2388
277 11.2205
278 11.2021
279 11.1836
280 11.165
281 11.1463
282 11.1274
283 11.1085
284 11.0894
285 11.0702
286 11.0508
287 11.0314
288 11.0118
289 10.9921
290 10.9722
291 10.9523
292 10.9322
293 10.912
294 10.8916
295 10.8712
296 10.8506
297 10.8298
298 10.809
299 10.788
300 10.7668
301 10.7456
302 10.7242
303 10.7026
304 10.6809
305 10.6591
306 10.6372
307 10.6151
308 10.5929
309 10.5705
310 10.548
311 10.5254
312 10.5026
313 10.4797
314 10.4567
315 10.4335
316 10.4102
317 10.3867
318 10.3631
319 10.3394
320 10.3155
321 10.2915
322 10.2673
323 10.2431
324 10.2186
325 10.1941
326 10.1694
327 10.1446
328 10.1196
329 10.0945
330 10.0693
331 10.044
332 10.0185
333 9.99288
334 9.96715
335 9.9413
336 9.91532
337 9.88922
338 9.863
339 9.83666
340 9.8102
341 9.78363
342 9.75694
343 9.73014
344 9.70322
345 9.6762
346 9.64906
347 9.62183
348 9.59448
349 9.56704
350 9.5395
351 9.51185
352 9.48412
353 9.45628
354 9.42836
355 9.40034
356 9.37224
357 9.34404
358 9.31577
359 9.28741
360 9.25897
361 9.23045
362 9.20186
363 9.1732
364 9.14446
365 9.11565
366 9.08678
367 9.05784
368 9.02884
369 8.99978
370 8.97066
371 8.94149
372 8.91226
373 8.88298
374 8.85365
375 8.82428
376 8.79486
377 8.76539
378 8.73589
379 8.70635
380 8.67677
381 8.64716
382 8.61752
383 8.58785
384 8.55815
385 8.52843
386 8.49868
387 8.46892
388 8.43914
389 8.40935
390 8.37954
391 8.34972
392 8.31989
393 8.29006
394 8.26022
395 8.23038
396 8.20055
397 8.17071
398 8.14087
399 8.11105
400 8.08124
401 8.05143
402 8.02164
403 7.99187
404 7.96211
405 7.93237
406 7.90265
407 7.87296
408 7.8433
409 7.81366
410 7.78405
411 7.75447
412 7.72493
413 7.69542
414 7.66595
415 7.63653
416 7.60714
417 7.57779
418 7.54849
419 7.51924
420 7.49004
421 7.46089
422 7.43179
423 7.40275
424 7.37376
425 7.34482
426 7.31595
427 7.28714
428 7.25839
429 7.22971
430 7.20109
431 7.17254
432 7.14406
433 7.11565
434 7.08731
435 7.05904
436 7.03085
437 7.00274
438 6.9747
439 6.94674
440 6.91887
441 6.89107
442 6.86336
443 6.83573
444 6.80819
445 6.78073
446 6.75336
447 6.72608
448 6.69889
449 6.6718
450 6.64479
451 6.61788
452 6.59106
453 6.56434
454 6.53772
455 6.51119
456 6.48476
457 6.45843
458 6.4322
459 6.40608
460 6.38005
461 6.35413
462 6.32831
463 6.3026
464 6.27699
465 6.25149
466 6.22609
467 6.2008
468 6.17562
469 6.15054
470 6.12558
471 6.10072
472 6.07598
473 6.05135
474 6.02682
475 6.00241
476 5.97811
477 5.95393
478 5.92985
479 5.90589
480 5.88205
481 5.85832
482 5.8347
483 5.8112
484 5.78781
485 5.76454
486 5.74138
487 5.71834
488 5.69542
489 5.67261
490 5.64992
491 5.62734
492 5.60488
493 5.58254
494 5.56032
495 5.53821
496 5.51621
497 5.49434
498 5.47258
499 5.45094
500 5.42942
501 5.40801
502 5.38672
503 5.36554
504 5.34449
505 5.32355
506 5.30272
507 5.28201
508 5.26142
509 5.24095
510 5.22059
511 5.20034
512 5.18021
513 5.1602
514 5.1403
515 5.12052
516 5.10085
517 5.0813
518 5.06185
519 5.04252
520 5.02331
521 5.00421
522 4.98522
523 4.96635
524 4.94758
525 4.92893
526 4.91039
527 4.89196
528 4.87364
529 4.85543
530 4.83733
531 4.81934
532 4.80146
533 4.78369
534 4.76602
535 4.74847
536 4.73102
537 4.71368
538 4.69644
539 4.67931
540 4.66229
541 4.64537
542 4.62855
543 4.61184
544 4.59524
545 4.57873
546 4.56233
547 4.54603
548 4.52984
549 4.51374
550 4.49774
551 4.48185
552 4.46605
553 4.45036
554 4.43476
555 4.41925
556 4.40385
557 4.38855
558 4.37334
559 4.35822
560 4.3432
561 4.32828
562 4.31345
563 4.29872
564 4.28408
565 4.26953
566 4.25507
567 4.2407
568 4.22643
569 4.21225
570 4.19815
571 4.18415
572 4.17023
573 4.1564
574 4.14267
575 4.12901
576 4.11545
577 4.10197
578 4.08858
579 4.07527
580 4.06204
581 4.0489
582 4.03585
583 4.02287
584 4.00998
585 3.99717
586 3.98444
587 3.97179
588 3.95922
589 3.94674
590 3.93433
591 3.922
592 3.90974
593 3.89757
594 3.88547
595 3.87345
596 3.8615
597 3.84963
598 3.83784
599 3.82612
600 3.81447
601 3.8029
602 3.7914
603 3.77997
604 3.76861
605 3.75733
606 3.74611
607 3.73497
608 3.7239
609 3.71289
610 3.70196
611 3.69109
612 3.68029
613 3.66956
614 3.6589
615 3.6483
616 3.63776
617 3.62729
618 3.61689
619 3.60656
620 3.59628
621 3.58607
622 3.57592
623 3.56584
624 3.55582
625 3.54586
626 3.53596
627 3.52612
628 3.51634
629 3.50662
630 3.49696
631 3.48737
632 3.47782
633 3.46834
634 3.45892
635 3.44955
636 3.44024
637 3.43099
638 3.42179
639 3.41265
640 3.40356
641 3.39453
642 3.38555
643 3.37663
644 3.36776
645 3.35894
646 3.35018
647 3.34147
648 3.33281
649 3.32421
650 3.31565
651 3.30715
652 3.29869
653 3.29029
654 3.28194
655 3.27363
656 3.26538
657 3.25717
658 3.24901
659 3.2409
660 3.23284
661 3.22483
662 3.21686
663 3.20894
664 3.20106
665 3.19323
666 3.18545
667 3.17771
668 3.17002
669 3.16237
670 3.15476
671 3.1472
672 3.13968
673 3.13221
674 3.12478
675 3.11739
676 3.11004
677 3.10274
678 3.09547
679 3.08825
680 3.08107
681 3.07393
682 3.06683
683 3.05977
684 3.05276
685 3.04578
686 3.03884
687 3.03193
688 3.02507
689 3.01825
690 3.01146
691 3.00471
692 2.998
693 2.99133
694 2.98469
695 2.97809
696 2.97153
697 2.965
698 2.95851
699 2.95206
700 2.94564
701 2.93925
702 2.9329
703 2.92659
704 2.92031
705 2.91406
706 2.90785
707 2.90167
708 2.89552
709 2.88941
710 2.88333
711 2.87729
712 2.87127
713 2.86529
714 2.85934
715 2.85342
716 2.84753
717 2.84168
718 2.83585
719 2.83006
720 2.8243
721 2.81856
722 2.81287
723 2.80719
724 2.80155
725 2.79594
726 2.79035
727 2.7848
728 2.77928
729 2.77378
730 2.76831
731 2.76287
732 2.75746
733 2.75208
734 2.74672
735 2.7414
736 2.73609
737 2.73082
738 2.72558
739 2.72036
740 2.71516
741 2.71
742 2.70486
743 2.69974
744 2.69465
745 2.68959
746 2.68455
747 2.67954
748 2.67456
749 2.6696
750 2.66466
751 2.65975
752 2.65486
753 2.65
754 2.64516
755 2.64034
756 2.63555
757 2.63078
758 2.62604
759 2.62132
760 2.61662
761 2.61195
762 2.60729
763 2.60267
764 2.59806
765 2.59348
766 2.58891
767 2.58437
768 2.57986
769 2.57536
770 2.57088
771 2.56643
772 2.562
773 2.55759
774 2.5532
775 2.54883
776 2.54449
777 2.54016
778 2.53585
779 2.53157
780 2.5273
781 2.52306
782 2.51883
783 2.51463
784 2.51044
785 2.50628
786 2.50213
787 2.498
788 2.49389
789 2.4898
790 2.48573
791 2.48168
792 2.47765
793 2.47364
794 2.46964
795 2.46567
796 2.46171
797 2.45777
798 2.45384
799 2.44994
800 2.44605
801 2.44218
802 2.43833
803 2.4345
804 2.43068
805 2.42688
806 2.4231
807 2.41934
808 2.41559
809 2.41185
810 2.40814
811 2.40444
812 2.40076
813 2.39709
814 2.39345
815 2.38981
816 2.38619
817 2.38259
818 2.37901
819 2.37544
820 2.37189
821 2.36835
822 2.36482
823 2.36132
824 2.35782
825 2.35435
826 2.35089
827 2.34744
828 2.34401
829 2.34059
830 2.33719
831 2.3338
832 2.33043
833 2.32707
834 2.32372
835 2.32039
836 2.31708
837 2.31378
838 2.31049
839 2.30721
840 2.30396
841 2.30071
842 2.29748
843 2.29426
844 2.29105
845 2.28786
846 2.28468
847 2.28152
848 2.27837
849 2.27523
850 2.2721
851 2.26899
852 2.26589
853 2.2628
854 2.25973
855 2.25667
856 2.25362
857 2.25058
858 2.24756
859 2.24455
860 2.24155
861 2.23856
862 2.23558
863 2.23262
864 2.22967
865 2.22673
866 2.2238
867 2.22089
868 2.21799
869 2.21509
870 2.21221
871 2.20935
872 2.20649
873 2.20364
874 2.20081
875 2.19799
876 2.19517
877 2.19237
878 2.18958
879 2.18681
880 2.18404
881 2.18128
882 2.17853
883 2.1758
884 2.17308
885 2.17036
886 2.16766
887 2.16497
888 2.16228
889 2.15961
890 2.15695
891 2.1543
892 2.15166
893 2.14903
894 2.14641
895 2.1438
896 2.1412
897 2.13861
898 2.13603
899 2.13346
900 2.1309
901 2.12835
902 2.12581
903 2.12328
904 2.12076
905 2.11824
906 2.11574
907 2.11325
908 2.11076
909 2.10829
910 2.10583
911 2.10337
912 2.10093
913 2.09849
914 2.09606
915 2.09364
916 2.09123
917 2.08883
918 2.08644
919 2.08405
920 2.08168
921 2.07931
922 2.07695
923 2.0746
924 2.07226
925 2.06993
926 2.06761
927 2.06529
928 2.06299
929 2.06069
930 2.0584
931 2.05612
932 2.05385
933 2.05158
934 2.04933
935 2.04708
936 2.04484
937 2.04261
938 2.04039
939 2.03817
940 2.03597
941 2.03377
942 2.03157
943 2.02939
944 2.02721
945 2.02505
946 2.02288
947 2.02073
948 2.01859
949 2.01645
950 2.01432
951 2.0122
952 2.01008
953 2.00797
954 2.00587
955 2.00378
956 2.00169
957 1.99961
958 1.99754
959 1.99548
960 1.99342
961 1.99137
962 1.98933
963 1.98729
964 1.98526
965 1.98324
966 1.98123
967 1.97922
968 1.97722
969 1.97522
970 1.97323
971 1.97125
972 1.96928
973 1.96731
974 1.96535
975 1.9634
976 1.96145
977 1.95951
978 1.95758
979 1.95565
980 1.95373
981 1.95182
982 1.94991
983 1.94801
984 1.94611
985 1.94422
986 1.94234
987 1.94046
988 1.93859
989 1.93673
990 1.93487
991 1.93302
992 1.93118
993 1.92934
994 1.9275
995 1.92568
996 1.92385
997 1.92204
998 1.92023
999 1.91843
