0 2.57592e-06
1 0.122528
2 0.159009
3 0.202634
4 0.252886
5 0.308493
6 0.367535
7 0.427733
8 0.486813
9 0.542847
10 0.594446
11 0.64082
12 0.681699
13 0.717205
14 0.747711
15 0.77372
16 0.795777
17 0.814417
18 0.83013
19 0.843348
20 0.854443
21 0.863729
22 0.871465
23 0.877866
24 0.883104
25 0.887319
26 0.890619
27 0.893089
28 0.894791
29 0.895767
30 0.89604
31 0.895617
32 0.894487
33 0.892623
34 0.889977
35 0.886483
36 0.882051
37 0.876564
38 0.869875
39 0.861803
40 0.852121
41 0.840557
42 0.826782
43 0.810408
44 0.790986
45 0.768012
46 0.740941
47 0.709228
48 0.672391
49 0.630105
50 0.582329
51 0.529455
52 0.472421
53 0.412772
54 0.352556
55 0.294094
56 0.239616
57 0.190905
58 0.149043
59 0.11436
60 0.0865357
61 0.00679617
62 0.00497817
63 0.00365053
64 0.00268605
65 0.00198735
66 0.00148144
67 0.00111452
68 0.000847456
69 0.00065206
70 0.000508156
71 0.000401352
72 0.000321404
73 0.000261007
74 0.000214948
75 0.000179482
76 0.000151913
77 0.000130284
78 0.000113165
79 9.95052e-05
80 8.85256e-05
81 7.96445e-05
82 7.24239e-05
83 6.65325e-05
84 6.17176e-05
85 5.77858e-05
86 5.45884e-05
87 5.2011e-05
88 4.99662e-05
89 4.83873e-05
90 4.7225e-05
91 4.6444e-05
92 4.60212e-05
93 4.59442e-05
94 4.62109e-05
95 4.68294e-05
96 4.78178e-05
97 4.92062e-05
98 5.10377e-05
99 5.3371e-05
100 5.62842e-05
101 5.98795e-05
102 6.42905e-05
103 6.96902e-05
104 7.63043e-05
105 8.44294e-05
106 9.44546e-05
107 0.000106897
108 0.000122447
109 0.000142033
110 0.000166915
111 0.000198812
112 0.000240088
113 0.000294018
114 0.000365155
115 0.000459867
116 0.000587084
117 0.000759343
118 0.000994241
119 0.00131641
120 0.00176013
121 0.00237272
122 0.00321873
123 0.0043849
124 0.0574839
