5.1 0.87083
4.9 0.846154
4.7 0.858101
4.6 0.834619
5 0.872447
5.4 0.868065
4.6 0.854386
5 0.859455
4.4 0.825647
4.9 0.847004
5.4 0.876642
4.8 0.847723
4.8 0.847427
4.3 0.85748
5.8 0.897509
5.7 0.892967
5.4 0.886324
5.1 0.868345
5.7 0.872156
5.1 0.87296
5.4 0.85423
5.1 0.867104
4.6 0.884354
5.1 0.82822
4.8 0.819105
5 0.831072
5 0.845009
5.2 0.867068
5.2 0.869138
4.7 0.834097
4.8 0.83108
5.4 0.861418
5.2 0.886124
5.5 0.893011
4.9 0.847004
5 0.869749
5.5 0.881224
4.9 0.847004
4.4 0.841185
5.1 0.86146
5 0.872015
4.5 0.78811
4.4 0.851301
5 0.841984
5.1 0.843209
4.8 0.839409
5.1 0.870153
4.6 0.848596
5.3 0.875197
5 0.861836
7 0.14106
6.4 0.131864
6.9 0.106322
5.5 0.100436
6.5 0.101982
5.7 0.093265
6.3 0.109681
4.9 0.186268
6.6 0.120234
5.2 0.117572
5 0.125676
5.9 0.129495
6 0.127611
6.1 0.0914433
5.6 0.208522
6.7 0.156257
5.6 0.0922799
5.8 0.14472
6.2 0.075778
5.6 0.13756
5.9 0.0794547
6.1 0.161032
6.3 0.0680873
6.1 0.0942552
6.4 0.144683
6.6 0.143271
6.8 0.0999655
6.7 0.0822341
6 0.0992459
5.7 0.229025
5.5 0.137215
5.5 0.15742
5.8 0.157576
6 0.0585897
5.4 0.0868661
6 0.123826
6.7 0.116825
6.3 0.0946471
5.6 0.139957
5.5 0.111652
5.5 0.0892207
6.1 0.103769
5.8 0.136207
5 0.181313
5.6 0.108859
5.7 0.138715
5.7 0.125377
6.2 0.135589
5.1 0.270411
5.7 0.129206
6.3 0.0398994
5.8 0.051505
7.1 0.0479026
6.3 0.048951
6.5 0.0437242
7.6 0.0396245
4.9 0.0571408
7.3 0.0437251
6.7 0.0433429
7.2 0.0483222
6.5 0.0713989
6.4 0.0529871
6.8 0.0546569
5.7 0.0485035
5.8 0.0470702
6.4 0.0563305
6.5 0.0555192
7.7 0.0462805
7.7 0.0332848
6 0.0534486
6.9 0.0510934
5.6 0.0551058
7.7 0.0380131
6.3 0.0668436
6.7 0.0532934
7.2 0.0535835
6.2 0.0723271
6.1 0.0717957
6.4 0.0451995
7.2 0.0589612
7.4 0.0461039
7.9 0.0590783
6.4 0.0442306
6.3 0.067817
6.1 0.0474332
7.7 0.0470047
6.3 0.0492943
6.4 0.0561808
6 0.0746701
6.9 0.0612696
6.7 0.0486679
6.9 0.0689299
5.8 0.051505
6.8 0.0456962
6.7 0.0481794
6.7 0.0594044
6.3 0.0566968
6.5 0.0619308
6.2 0.0547705
5.9 0.0602383
