0 0.200752
1 0.198162
2 0.195661
3 0.193214
4 0.190827
5 0.188505
6 0.186252
7 0.184074
8 0.181974
9 0.179956
10 0.178022
11 0.176176
12 0.17442
13 0.172756
14 0.171186
15 0.169711
16 0.168332
17 0.16705
18 0.165867
19 0.164782
20 0.163796
21 0.162909
22 0.162122
23 0.161434
24 0.160846
25 0.160357
26 0.159968
27 0.159679
28 0.159489
29 0.159399
30 0.159408
31 0.159516
32 0.159724
33 0.160032
34 0.160439
35 0.160946
36 0.161552
37 0.162258
38 0.163063
39 0.163968
40 0.164972
41 0.166074
42 0.167275
43 0.168574
44 0.16997
45 0.171462
46 0.173049
47 0.174729
48 0.176501
49 0.178363
50 0.180311
51 0.182344
52 0.184458
53 0.18665
54 0.188915
55 0.191248
56 0.193646
57 0.196102
58 0.198611
59 0.201167
60 0.203762
61 0.206391
62 0.209045
63 0.211716
64 0.214398
65 0.217081
66 0.219758
67 0.22242
68 0.225059
69 0.227665
70 0.230232
71 0.232749
72 0.23521
73 0.237606
74 0.239929
75 0.242172
76 0.244328
77 0.24639
78 0.248351
79 0.250206
80 0.251949
81 0.253575
82 0.255078
83 0.256454
84 0.257701
85 0.258813
86 0.259787
87 0.260622
88 0.261315
89 0.261864
90 0.262267
91 0.262524
92 0.262633
93 0.262595
94 0.262409
95 0.262077
96 0.261598
97 0.260975
98 0.260208
99 0.2593
100 0.258254
101 0.257073
102 0.255759
103 0.254316
104 0.25275
105 0.251063
106 0.249262
107 0.247352
108 0.245338
109 0.243227
110 0.241026
111 0.238741
112 0.23638
113 0.23395
114 0.23146
115 0.228916
116 0.226329
117 0.223705
118 0.221053
119 0.218383
120 0.215702
121 0.213018
122 0.210341
123 0.207677
124 0.205036
