0 0.049979
1 0.099833
2 0.149438
3 0.198669
4 0.247404
5 0.29552
6 0.342898
7 0.389418
8 0.434966
9 0.479426
10 0.522687
11 0.564642
12 0.605186
13 0.644218
14 0.681639
15 0.717356
16 0.75128
17 0.783327
18 0.813416
19 0.841471
20 0.867423
21 0.891207
22 0.912764
23 0.932039
24 0.948985
25 0.963558
26 0.975723
27 0.98545
28 0.992713
29 0.997495
30 0.999784
31 0.999574
32 0.996865
33 0.991665
34 0.983986
35 0.973848
36 0.961275
37 0.9463
38 0.92896
39 0.909297
40 0.887362
41 0.863209
42 0.836899
43 0.808496
44 0.778073
45 0.745705
46 0.711473
47 0.675463
48 0.637765
49 0.598472
50 0.557684
51 0.515501
52 0.472031
53 0.42738
54 0.381661
55 0.334988
56 0.287478
57 0.239249
58 0.190423
59 0.14112
60 0.091465
61 0.041581
62 -0.008407
63 -0.058374
64 -0.108195
65 -0.157746
66 -0.206902
67 -0.255541
68 -0.303542
69 -0.350783
70 -0.397148
71 -0.44252
72 -0.486787
73 -0.529836
74 -0.571561
75 -0.611858
76 -0.650625
77 -0.687766
78 -0.723188
79 -0.756802
80 -0.788525
81 -0.818277
82 -0.845984
83 -0.871576
84 -0.894989
85 -0.916166
86 -0.935053
87 -0.951602
88 -0.965773
89 -0.97753
90 -0.986844
91 -0.993691
92 -0.998054
93 -0.999923
94 -0.999293
95 -0.996165
96 -0.990547
97 -0.982453
98 -0.971903
99 -0.958924
100 -0.943549
101 -0.925815
102 -0.905767
103 -0.883455
104 -0.858934
105 -0.832267
106 -0.80352
107 -0.772764
108 -0.740077
109 -0.70554
110 -0.66924
111 -0.631267
112 -0.591716
113 -0.550686
114 -0.508279
115 -0.464602
116 -0.419764
117 -0.373877
118 -0.327055
119 -0.279415
120 -0.231078
121 -0.182163
122 -0.132792
123 -0.083089
124 -0.033179
