0 14.8578
1 12.3545
2 12.0593
3 12.0202
4 11.9941
5 11.973
6 11.9559
7 11.9421
8 11.9314
9 11.9236
10 11.9181
11 11.9143
12 11.9118
13 11.9101
14 11.909
15 11.9083
16 11.9078
17 11.9075
18 11.9073
19 11.9071
20 11.907
21 11.9069
22 11.9069
23 11.9068
24 11.9067
25 11.9066
26 11.9065
27 11.9064
28 11.9063
29 11.9062
30 11.906
31 11.9059
32 11.9057
33 11.9055
34 11.9053
35 11.9051
36 11.9049
37 11.9047
38 11.9045
39 11.9043
40 11.904
41 11.9038
42 11.9036
43 11.9034
44 11.9031
45 11.9029
46 11.9027
47 11.9024
48 11.9022
49 11.902
50 11.9017
51 11.9015
52 11.9013
53 11.901
54 11.9008
55 11.9006
56 11.9003
57 11.9001
58 11.8999
59 11.8996
60 11.8994
61 11.8992
62 11.899
63 11.8987
64 11.8985
65 11.8983
66 11.8981
67 11.8979
68 11.8976
69 11.8974
70 11.8972
71 11.897
72 11.8968
73 11.8966
74 11.8964
75 11.8962
76 11.8959
77 11.8957
78 11.8955
79 11.8953
80 11.8951
81 11.8949
82 11.8947
83 11.8945
84 11.8943
85 11.8941
86 11.8939
87 11.8937
88 11.8935
89 11.8933
90 11.8931
91 11.8929
92 11.8927
93 11.8925
94 11.8923
95 11.8921
96 11.892
97 11.8918
98 11.8916
99 11.8914
100 11.8912
101 11.891
102 11.8908
103 11.8906
104 11.8904
105 11.8903
106 11.8901
107 11.8899
108 11.8897
109 11.8895
110 11.8893
111 11.8892
112 11.889
113 11.8888
114 11.8886
115 11.8884
116 11.8882
117 11.8881
118 11.8879
119 11.8877
120 11.8875
121 11.8873
122 11.8872
123 11.887
124 11.8868
125 11.8866
126 11.8865
127 11.8863
128 11.8861
129 11.8859
130 11.8857
131 11.8856
132 11.8854
133 11.8852
134 11.885
135 11.8849
136 11.8847
137 11.8845
138 11.8844
139 11.8842
140 11.884
141 11.8838
142 11.8837
143 11.8835
144 11.8833
145 11.8831
146 11.883
147 11.8828
148 11.8826
149 11.8824
150 11.8823
151 11.8821
152 11.8819
153 11.8818
154 11.8816
155 11.8814
156 11.8812
157 11.8811
158 11.8809
159 11.8807
160 11.8806
161 11.8804
162 11.8802
163 11.8801
164 11.8799
165 11.8797
166 11.8795
167 11.8794
168 11.8792
169 11.879
170 11.8789
171 11.8787
172 11.8785
173 11.8784
174 11.8782
175 11.878
176 11.8779
177 11.8777
178 11.8775
179 11.8773
180 11.8772
181 11.877
182 11.8768
183 11.8767
184 11.8765
185 11.8763
186 11.8762
187 11.876
188 11.8758
189 11.8757
190 11.8755
191 11.8753
192 11.8751
193 11.875
194 11.8748
195 11.8746
196 11.8745
197 11.8743
198 11.8741
199 11.874
200 11.8738
201 11.8736
202 11.8735
203 11.8733
204 11.8731
205 11.873
206 11.8728
207 11.8726
208 11.8725
209 11.8723
210 11.8721
211 11.8719
212 11.8718
213 11.8716
214 11.8714
215 11.8713
216 11.8711
217 11.8709
218 11.8708
219 11.8706
220 11.8704
221 11.8703
222 11.8701
223 11.8699
224 11.8698
225 11.8696
226 11.8694
227 11.8692
228 11.8691
229 11.8689
230 11.8688
231 11.8686
232 11.8684
233 11.8682
234 11.8681
235 11.8679
236 11.8677
237 11.8676
238 11.8674
239 11.8672
240 11.8671
241 11.8669
242 11.8667
243 11.8665
244 11.8664
245 11.8662
246 11.866
247 11.8659
248 11.8657
249 11.8655
250 11.8654
251 11.8652
252 11.865
253 11.8649
254 11.8647
255 11.8645
256 11.8643
257 11.8642
258 11.864
259 11.8638
260 11.8637
261 11.8635
262 11.8633
263 11.8631
264 11.863
265 11.8628
266 11.8626
267 11.8625
268 11.8623
269 11.8621
270 11.8619
271 11.8618
272 11.8616
273 11.8614
274 11.8613
275 11.8611
276 11.8609
277 11.8608
278 11.8606
279 11.8604
280 11.8602
281 11.8601
282 11.8599
283 11.8597
284 11.8595
285 11.8594
286 11.8592
287 11.859
288 11.8588
289 11.8587
290 11.8585
291 11.8583
292 11.8582
293 11.858
294 11.8578
295 11.8576
296 11.8575
297 11.8573
298 11.8571
299 11.8569
300 11.8568
301 11.8566
302 11.8564
303 11.8562
304 11.8561
305 11.8559
306 11.8557
307 11.8555
308 11.8554
309 11.8552
310 11.855
311 11.8548
312 11.8547
313 11.8545
314 11.8543
315 11.8541
316 11.854
317 11.8538
318 11.8536
319 11.8534
320 11.8533
321 11.8531
322 11.8529
323 11.8527
324 11.8526
325 11.8524
326 11.8522
327 11.852
328 11.8518
329 11.8517
330 11.8515
331 11.8513
332 11.8511
333 11.851
334 11.8508
335 11.8506
336 11.8504
337 11.8502
338 11.8501
339 11.8499
340 11.8497
341 11.8495
342 11.8493
343 11.8492
344 11.849
345 11.8488
346 11.8486
347 11.8484
348 11.8483
349 11.8481
350 11.8479
351 11.8477
352 11.8475
353 11.8473
354 11.8472
355 11.847
356 11.8468
357 11.8466
358 11.8464
359 11.8463
360 11.8461
361 11.8459
362 11.8457
363 11.8455
364 11.8453
365 11.8451
366 11.845
367 11.8448
368 11.8446
369 11.8444
370 11.8442
371 11.844
372 11.8438
373 11.8437
374 11.8435
375 11.8433
376 11.8431
377 11.8429
378 11.8427
379 11.8425
380 11.8423
381 11.8422
382 11.842
383 11.8418
384 11.8416
385 11.8414
386 11.8412
387 11.841
388 11.8408
389 11.8406
390 11.8404
391 11.8403
392 11.8401
393 11.8399
394 11.8397
395 11.8395
396 11.8393
397 11.8391
398 11.8389
399 11.8387
400 11.8385
401 11.8383
402 11.8381
403 11.8379
404 11.8377
405 11.8375
406 11.8374
407 11.8372
408 11.837
409 11.8368
410 11.8366
411 11.8364
412 11.8362
413 11.836
414 11.8358
415 11.8356
416 11.8354
417 11.8352
418 11.835
419 11.8348
420 11.8346
421 11.8344
422 11.8342
423 11.834
424 11.8338
425 11.8336
426 11.8334
427 11.8332
428 11.833
429 11.8327
430 11.8325
431 11.8323
432 11.8321
433 11.8319
434 11.8317
435 11.8315
436 11.8313
437 11.8311
438 11.8309
439 11.8307
440 11.8305
441 11.8303
442 11.83
443 11.8298
444 11.8296
445 11.8294
446 11.8292
447 11.829
448 11.8288
449 11.8285
450 11.8283
451 11.8281
452 11.8279
453 11.8277
454 11.8275
455 11.8273
456 11.827
457 11.8268
458 11.8266
459 11.8264
460 11.8262
461 11.8259
462 11.8257
463 11.8255
464 11.8253
465 11.825
466 11.8248
467 11.8246
468 11.8244
469 11.8241
470 11.8239
471 11.8237
472 11.8235
473 11.8232
474 11.823
475 11.8228
476 11.8225
477 11.8223
478 11.8221
479 11.8218
480 11.8216
481 11.8214
482 11.8211
483 11.8209
484 11.8207
485 11.8204
486 11.8202
487 11.8199
488 11.8197
489 11.8195
490 11.8192
491 11.819
492 11.8187
493 11.8185
494 11.8182
495 11.818
496 11.8177
497 11.8175
498 11.8173
499 11.817
500 11.8167
501 11.8165
502 11.8162
503 11.816
504 11.8157
505 11.8155
506 11.8152
507 11.815
508 11.8147
509 11.8144
510 11.8142
511 11.8139
512 11.8137
513 11.8134
514 11.8131
515 11.8129
516 11.8126
517 11.8123
518 11.8121
519 11.8118
520 11.8115
521 11.8112
522 11.811
523 11.8107
524 11.8104
525 11.8101
526 11.8098
527 11.8096
528 11.8093
529 11.809
530 11.8087
531 11.8084
532 11.8081
533 11.8078
534 11.8075
535 11.8073
536 11.807
537 11.8067
538 11.8064
539 11.8061
540 11.8058
541 11.8055
542 11.8052
543 11.8049
544 11.8045
545 11.8042
546 11.8039
547 11.8036
548 11.8033
549 11.803
550 11.8027
551 11.8023
552 11.802
553 11.8017
554 11.8014
555 11.801
556 11.8007
557 11.8004
558 11.8
559 11.7997
560 11.7994
561 11.799
562 11.7987
563 11.7983
564 11.798
565 11.7976
566 11.7973
567 11.7969
568 11.7966
569 11.7962
570 11.7958
571 11.7955
572 11.7951
573 11.7947
574 11.7944
575 11.794
576 11.7936
577 11.7932
578 11.7928
579 11.7924
580 11.7921
581 11.7917
582 11.7913
583 11.7909
584 11.7905
585 11.79
586 11.7896
587 11.7892
588 11.7888
589 11.7884
590 11.7879
591 11.7875
592 11.7871
593 11.7866
594 11.7862
595 11.7857
596 11.7853
597 11.7848
598 11.7844
599 11.7839
600 11.7834
601 11.7829
602 11.7825
603 11.782
604 11.7815
605 11.781
606 11.7805
607 11.78
608 11.7795
609 11.7789
610 11.7784
611 11.7779
612 11.7773
613 11.7768
614 11.7762
615 11.7757
616 11.7751
617 11.7745
618 11.7739
619 11.7733
620 11.7727
621 11.7721
622 11.7715
623 11.7709
624 11.7703
625 11.7696
626 11.7689
627 11.7683
628 11.7676
629 11.7669
630 11.7662
631 11.7655
632 11.7648
633 11.7641
634 11.7633
635 11.7626
636 11.7618
637 11.761
638 11.7602
639 11.7594
640 11.7586
641 11.7577
642 11.7569
643 11.756
644 11.7551
645 11.7542
646 11.7533
647 11.7523
648 11.7513
649 11.7503
650 11.7493
651 11.7483
652 11.7472
653 11.7462
654 11.745
655 11.7439
656 11.7428
657 11.7416
658 11.7404
659 11.7391
660 11.7378
661 11.7365
662 11.7352
663 11.7338
664 11.7324
665 11.731
666 11.7295
667 11.728
668 11.7264
669 11.7248
670 11.7231
671 11.7214
672 11.7196
673 11.7178
674 11.716
675 11.7141
676 11.7121
677 11.7101
678 11.708
679 11.7058
680 11.7036
681 11.7013
682 11.6989
683 11.6965
684 11.6939
685 11.6913
686 11.6886
687 11.6858
688 11.683
689 11.68
690 11.6769
691 11.6737
692 11.6704
693 11.667
694 11.6635
695 11.6599
696 11.6561
697 11.6522
698 11.6481
699 11.6439
700 11.6396
701 11.6351
702 11.6305
703 11.6257
704 11.6207
705 11.6156
706 11.6103
707 11.6048
708 11.5991
709 11.5932
710 11.5871
711 11.5808
712 11.5742
713 11.5675
714 11.5605
715 11.5533
716 11.5459
717 11.5382
718 11.5303
719 11.5222
720 11.5137
721 11.5051
722 11.4962
723 11.4871
724 11.4778
725 11.4682
726 11.4585
727 11.4486
728 11.4385
729 11.4283
730 11.418
731 11.4075
732 11.3969
733 11.3862
734 11.3754
735 11.3645
736 11.3536
737 11.3425
738 11.3314
739 11.3202
740 11.3089
741 11.2975
742 11.286
743 11.2745
744 11.2629
745 11.2513
746 11.2395
747 11.2278
748 11.2159
749 11.204
750 11.192
751 11.18
752 11.168
753 11.1559
754 11.1438
755 11.1316
756 11.1194
757 11.1072
758 11.095
759 11.0828
760 11.0705
761 11.0583
762 11.0461
763 11.0339
764 11.0218
765 11.0098
766 10.9979
767 10.9861
768 10.9744
769 10.9628
770 10.9513
771 10.9399
772 10.9285
773 10.9171
774 10.9057
775 10.8943
776 10.8829
777 10.8715
778 10.8601
779 10.8487
780 10.8372
781 10.8256
782 10.8139
783 10.8018
784 10.7889
785 10.7735
786 10.7505
787 10.7148
788 10.6755
789 10.6424
790 10.6145
791 10.5887
792 10.5636
793 10.5387
794 10.5136
795 10.4884
796 10.4629
797 10.4372
798 10.4113
799 10.3851
800 10.3587
801 10.332
802 10.3052
803 10.2781
804 10.2508
805 10.2234
806 10.1958
807 10.1681
808 10.1403
809 10.1125
810 10.0846
811 10.0567
812 10.0288
813 10.001
814 9.9733
815 9.94567
816 9.91819
817 9.89085
818 9.8637
819 9.83674
820 9.81002
821 9.78352
822 9.75729
823 9.73133
824 9.70566
825 9.68029
826 9.65523
827 9.63051
828 9.60612
829 9.58206
830 9.55835
831 9.535
832 9.512
833 9.48937
834 9.4671
835 9.44519
836 9.42365
837 9.40248
838 9.38167
839 9.36123
840 9.34114
841 9.32142
842 9.30205
843 9.28303
844 9.26435
845 9.24602
846 9.22802
847 9.21034
848 9.19299
849 9.17594
850 9.1592
851 9.14275
852 9.12658
853 9.11067
854 9.095
855 9.07954
856 9.06428
857 9.04916
858 9.03411
859 9.01905
860 9.00383
861 8.98825
862 8.97198
863 8.95452
864 8.93521
865 8.91316
866 8.88738
867 8.8569
868 8.82089
869 8.77884
870 8.73055
871 8.67619
872 8.61624
873 8.55142
874 8.48263
875 8.41084
876 8.33704
877 8.26214
878 8.18699
879 8.11232
880 8.03869
881 7.96664
882 7.89656
883 7.82876
884 7.76351
885 7.70099
886 7.6413
887 7.58452
888 7.53063
889 7.4796
890 7.43134
891 7.38576
892 7.34273
893 7.30213
894 7.26382
895 7.22766
896 7.19354
897 7.16132
898 7.13088
899 7.1021
900 7.07487
901 7.04908
902 7.02463
903 7.00141
904 6.97933
905 6.95828
906 6.93816
907 6.91887
908 6.90027
909 6.88225
910 6.86467
911 6.8474
912 6.83034
913 6.81341
914 6.79661
915 6.77997
916 6.76354
917 6.74738
918 6.73152
919 6.71597
920 6.70074
921 6.68579
922 6.67111
923 6.65666
924 6.6424
925 6.62829
926 6.61431
927 6.60042
928 6.58658
929 6.57277
930 6.55896
931 6.5451
932 6.53118
933 6.51715
934 6.50298
935 6.48862
936 6.47404
937 6.45917
938 6.44393
939 6.42822
940 6.41187
941 6.39466
942 6.3763
943 6.35666
944 6.336
945 6.31484
946 6.29363
947 6.2725
948 6.2514
949 6.2302
950 6.20877
951 6.18703
952 6.16491
953 6.14236
954 6.11936
955 6.09588
956 6.07192
957 6.04748
958 6.02256
959 5.99716
960 5.97129
961 5.94497
962 5.91822
963 5.89105
964 5.86348
965 5.83552
966 5.80721
967 5.77856
968 5.74959
969 5.72032
970 5.69079
971 5.661
972 5.631
973 5.60079
974 5.57039
975 5.53984
976 5.50915
977 5.47834
978 5.44743
979 5.41643
980 5.38538
981 5.35428
982 5.32316
983 5.29201
984 5.26088
985 5.22976
986 5.19868
987 5.16765
988 5.13667
989 5.10577
990 5.07495
991 5.04423
992 5.01361
993 4.98311
994 4.95274
995 4.92249
996 4.8924
997 4.86245
998 4.83267
999 4.80304
1000 4.7736
1001 4.74433
1002 4.71524
1003 4.68635
1004 4.65765
1005 4.62915
1006 4.60086
1007 4.57278
1008 4.54491
1009 4.51727
1010 4.48984
1011 4.46264
1012 4.43566
1013 4.40892
1014 4.38241
1015 4.35614
1016 4.33011
1017 4.30431
1018 4.27877
1019 4.25347
1020 4.22841
1021 4.2036
1022 4.17905
1023 4.15474
1024 4.13069
1025 4.10689
1026 4.08335
1027 4.06006
1028 4.03703
1029 4.01425
1030 3.99174
1031 3.96947
1032 3.94747
1033 3.92573
1034 3.90424
1035 3.88301
1036 3.86204
1037 3.84133
1038 3.82087
1039 3.80067
1040 3.78073
1041 3.76104
1042 3.7416
1043 3.72241
1044 3.70348
1045 3.6848
1046 3.66637
1047 3.64818
1048 3.63024
1049 3.61254
1050 3.59508
1051 3.57787
1052 3.56089
1053 3.54414
1054 3.52763
1055 3.51135
1056 3.4953
1057 3.47947
1058 3.46387
1059 3.44848
1060 3.43332
1061 3.41837
1062 3.40363
1063 3.38909
1064 3.37477
1065 3.36064
1066 3.34672
1067 3.33299
1068 3.31945
1069 3.3061
1070 3.29293
1071 3.27995
1072 3.26714
1073 3.2545
1074 3.24204
1075 3.22975
1076 3.21762
1077 3.20566
1078 3.19386
1079 3.18222
1080 3.17075
1081 3.15943
1082 3.14828
1083 3.13729
1084 3.12647
1085 3.1158
1086 3.10529
1087 3.09493
1088 3.08473
1089 3.07468
1090 3.06478
1091 3.05502
1092 3.0454
1093 3.03592
1094 3.02657
1095 3.01735
1096 3.00826
1097 2.9993
1098 2.99046
1099 2.98175
1100 2.97315
1101 2.96466
1102 2.95629
1103 2.94804
1104 2.93989
1105 2.93185
1106 2.92392
1107 2.91609
1108 2.90836
1109 2.90073
1110 2.8932
1111 2.88577
1112 2.87843
1113 2.87118
1114 2.86402
1115 2.85695
1116 2.84997
1117 2.84308
1118 2.83627
1119 2.82954
1120 2.82289
1121 2.81632
1122 2.80983
1123 2.80341
1124 2.79706
1125 2.79079
1126 2.7846
1127 2.77847
1128 2.77241
1129 2.76642
1130 2.76049
1131 2.75462
1132 2.74882
1133 2.74308
1134 2.73741
1135 2.73179
1136 2.72623
1137 2.72072
1138 2.71527
1139 2.70988
1140 2.70454
1141 2.69925
1142 2.69401
1143 2.68882
1144 2.68369
1145 2.6786
1146 2.67355
1147 2.66856
1148 2.6636
1149 2.65869
1150 2.65383
1151 2.64901
1152 2.64423
1153 2.63949
1154 2.63478
1155 2.63012
1156 2.6255
1157 2.62091
1158 2.61636
1159 2.61185
1160 2.60737
1161 2.60292
1162 2.59851
1163 2.59413
1164 2.58979
1165 2.58547
1166 2.58119
1167 2.57693
1168 2.57271
1169 2.56852
1170 2.56435
1171 2.56021
1172 2.5561
1173 2.55202
1174 2.54796
1175 2.54393
1176 2.53992
1177 2.53594
1178 2.53199
1179 2.52805
1180 2.52415
1181 2.52026
1182 2.51639
1183 2.51255
1184 2.50873
1185 2.50494
1186 2.50116
1187 2.4974
1188 2.49366
1189 2.48995
1190 2.48625
1191 2.48257
1192 2.47891
1193 2.47527
1194 2.47165
1195 2.46804
1196 2.46445
1197 2.46088
1198 2.45732
1199 2.45378
1200 2.45026
1201 2.44675
1202 2.44325
1203 2.43977
1204 2.4363
1205 2.43284
1206 2.42939
1207 2.42596
1208 2.42254
1209 2.41912
1210 2.41572
1211 2.41232
1212 2.40893
1213 2.40555
1214 2.40216
1215 2.39879
1216 2.39541
1217 2.39202
1218 2.38864
1219 2.38525
1220 2.38185
1221 2.37844
1222 2.37502
1223 2.37159
1224 2.36814
1225 2.36467
1226 2.3612
1227 2.35772
1228 2.35424
1229 2.35077
1230 2.34731
1231 2.34387
1232 2.34046
1233 2.33707
1234 2.33371
1235 2.33038
1236 2.32708
1237 2.3238
1238 2.32054
1239 2.3173
1240 2.31408
1241 2.31087
1242 2.30767
1243 2.30449
1244 2.30132
1245 2.29816
1246 2.29501
1247 2.29187
1248 2.28874
1249 2.28562
1250 2.28251
1251 2.27941
1252 2.27631
1253 2.27323
1254 2.27015
1255 2.26708
1256 2.26402
1257 2.26097
1258 2.25792
1259 2.25488
1260 2.25185
1261 2.24883
1262 2.24581
1263 2.2428
1264 2.2398
1265 2.2368
1266 2.23381
1267 2.23083
1268 2.22785
1269 2.22488
1270 2.22191
1271 2.21895
1272 2.216
1273 2.21305
1274 2.21011
1275 2.20717
1276 2.20423
1277 2.2013
1278 2.19838
1279 2.19546
1280 2.19255
1281 2.18964
1282 2.18673
1283 2.18383
1284 2.18093
1285 2.17803
1286 2.17514
1287 2.17225
1288 2.16937
1289 2.16649
1290 2.16361
1291 2.16074
1292 2.15786
1293 2.15499
1294 2.15213
1295 2.14926
1296 2.1464
1297 2.14354
1298 2.14069
1299 2.13783
1300 2.13498
1301 2.13213
1302 2.12928
1303 2.12643
1304 2.12359
1305 2.12075
1306 2.11791
1307 2.11507
1308 2.11223
1309 2.10939
1310 2.10655
1311 2.10372
1312 2.10088
1313 2.09805
1314 2.09521
1315 2.09238
1316 2.08955
1317 2.08672
1318 2.08389
1319 2.08106
1320 2.07824
1321 2.07541
1322 2.07258
1323 2.06975
1324 2.06692
1325 2.0641
1326 2.06127
1327 2.05845
1328 2.05562
1329 2.05279
1330 2.04997
1331 2.04714
1332 2.04432
1333 2.04149
1334 2.03866
1335 2.03584
1336 2.03301
1337 2.03019
1338 2.02736
1339 2.02454
1340 2.02171
1341 2.01888
1342 2.01606
1343 2.01323
1344 2.01041
1345 2.00758
1346 2.00475
1347 2.00193
1348 1.9991
1349 1.99627
1350 1.99344
1351 1.99062
1352 1.98779
1353 1.98496
1354 1.98214
1355 1.97931
1356 1.97648
1357 1.97366
1358 1.97083
1359 1.968
1360 1.96518
1361 1.96235
1362 1.95952
1363 1.9567
1364 1.95387
1365 1.95105
1366 1.94822
1367 1.9454
1368 1.94257
1369 1.93975
1370 1.93693
1371 1.9341
1372 1.93128
1373 1.92846
1374 1.92564
1375 1.92282
1376 1.92
1377 1.91718
1378 1.91437
1379 1.91155
1380 1.90874
1381 1.90592
1382 1.90311
1383 1.9003
1384 1.89749
1385 1.89468
1386 1.89187
1387 1.88907
1388 1.88627
1389 1.88346
1390 1.88066
1391 1.87786
1392 1.87507
1393 1.87227
1394 1.86948
1395 1.86669
1396 1.8639
1397 1.86112
1398 1.85833
1399 1.85555
1400 1.85277
1401 1.85
1402 1.84722
1403 1.84445
1404 1.84168
1405 1.83892
1406 1.83616
1407 1.8334
1408 1.83064
1409 1.82789
1410 1.82514
1411 1.82239
1412 1.81965
1413 1.81691
1414 1.81418
1415 1.81145
1416 1.80872
1417 1.80599
1418 1.80327
1419 1.80056
1420 1.79785
1421 1.79514
1422 1.79243
1423 1.78973
1424 1.78704
1425 1.78435
1426 1.78166
1427 1.77898
1428 1.77631
1429 1.77364
1430 1.77097
1431 1.76831
1432 1.76565
1433 1.763
1434 1.76035
1435 1.75771
1436 1.75508
1437 1.75245
1438 1.74982
1439 1.7472
1440 1.74459
1441 1.74198
1442 1.73938
1443 1.73678
1444 1.73419
1445 1.73161
1446 1.72903
1447 1.72646
1448 1.72389
1449 1.72133
1450 1.71877
1451 1.71623
1452 1.71368
1453 1.71115
1454 1.70862
1455 1.7061
1456 1.70358
1457 1.70107
1458 1.69857
1459 1.69607
1460 1.69358
1461 1.6911
1462 1.68863
1463 1.68616
1464 1.68369
1465 1.68124
1466 1.67879
1467 1.67635
1468 1.67391
1469 1.67149
1470 1.66907
1471 1.66665
1472 1.66425
1473 1.66185
1474 1.65946
1475 1.65707
1476 1.65469
1477 1.65232
1478 1.64996
1479 1.64761
1480 1.64526
1481 1.64292
1482 1.64058
1483 1.63826
1484 1.63594
1485 1.63362
1486 1.63132
1487 1.62902
1488 1.62673
1489 1.62445
1490 1.62218
1491 1.61991
1492 1.61765
1493 1.61539
1494 1.61315
1495 1.61091
1496 1.60867
1497 1.60645
1498 1.60423
1499 1.60202
1500 1.59982
1501 1.59762
1502 1.59544
1503 1.59325
1504 1.59108
1505 1.58891
1506 1.58675
1507 1.5846
1508 1.58245
1509 1.58031
1510 1.57818
1511 1.57605
1512 1.57393
1513 1.57182
1514 1.56971
1515 1.56761
1516 1.56552
1517 1.56343
1518 1.56135
1519 1.55928
1520 1.55721
1521 1.55515
1522 1.55309
1523 1.55104
1524 1.549
1525 1.54697
1526 1.54493
1527 1.54291
1528 1.54089
1529 1.53888
1530 1.53687
1531 1.53487
1532 1.53287
1533 1.53088
1534 1.52889
1535 1.52691
1536 1.52494
1537 1.52297
1538 1.521
1539 1.51904
1540 1.51709
1541 1.51514
1542 1.51319
1543 1.51125
1544 1.50931
1545 1.50738
1546 1.50545
1547 1.50353
1548 1.50161
1549 1.49969
1550 1.49778
1551 1.49587
1552 1.49397
1553 1.49207
1554 1.49017
1555 1.48827
1556 1.48638
1557 1.48449
1558 1.48261
1559 1.48073
1560 1.47885
1561 1.47697
1562 1.4751
1563 1.47322
1564 1.47135
1565 1.46949
1566 1.46762
1567 1.46576
1568 1.4639
1569 1.46204
1570 1.46018
1571 1.45832
1572 1.45647
1573 1.45461
1574 1.45276
1575 1.45091
1576 1.44905
1577 1.4472
1578 1.44535
1579 1.4435
1580 1.44165
1581 1.43981
1582 1.43796
1583 1.43611
1584 1.43426
1585 1.43241
1586 1.43056
1587 1.42871
1588 1.42685
1589 1.425
1590 1.42315
1591 1.42129
1592 1.41944
1593 1.41758
1594 1.41572
1595 1.41386
1596 1.412
1597 1.41014
1598 1.40827
1599 1.4064
1600 1.40454
1601 1.40266
1602 1.40079
1603 1.39891
1604 1.39703
1605 1.39515
1606 1.39326
1607 1.39137
1608 1.38948
1609 1.38758
1610 1.38569
1611 1.38378
1612 1.38188
1613 1.37997
1614 1.37806
1615 1.37614
1616 1.37422
1617 1.37229
1618 1.37036
1619 1.36843
1620 1.36649
1621 1.36454
1622 1.3626
1623 1.36064
1624 1.35868
1625 1.35672
1626 1.35475
1627 1.35278
1628 1.3508
1629 1.34881
1630 1.34682
1631 1.34483
1632 1.34283
1633 1.34082
1634 1.33881
1635 1.33679
1636 1.33477
1637 1.33274
1638 1.3307
1639 1.32866
1640 1.32661
1641 1.32455
1642 1.32249
1643 1.32042
1644 1.31835
1645 1.31627
1646 1.31418
1647 1.31209
1648 1.30999
1649 1.30788
1650 1.30577
1651 1.30365
1652 1.30152
1653 1.29939
1654 1.29725
1655 1.2951
1656 1.29295
1657 1.29078
1658 1.28861
1659 1.28643
1660 1.28424
1661 1.28204
1662 1.27984
1663 1.27762
1664 1.27539
1665 1.27315
1666 1.2709
1667 1.26863
1668 1.26636
1669 1.26407
1670 1.26177
1671 1.25946
1672 1.25714
1673 1.25481
1674 1.25247
1675 1.25011
1676 1.24775
1677 1.24537
1678 1.24298
1679 1.24058
1680 1.23817
1681 1.23575
1682 1.23332
1683 1.23088
1684 1.22842
1685 1.22596
1686 1.22348
1687 1.22099
1688 1.21849
1689 1.21598
1690 1.21346
1691 1.21093
1692 1.20839
1693 1.20584
1694 1.20327
1695 1.2007
1696 1.19811
1697 1.19551
1698 1.19291
1699 1.19029
1700 1.18766
1701 1.18501
1702 1.18236
1703 1.1797
1704 1.17703
1705 1.17434
1706 1.17165
1707 1.16894
1708 1.16622
1709 1.16349
1710 1.16075
1711 1.158
1712 1.15524
1713 1.15247
1714 1.14969
1715 1.1469
1716 1.1441
1717 1.14128
1718 1.13846
1719 1.13562
1720 1.13278
1721 1.12992
1722 1.12706
1723 1.12418
1724 1.12129
1725 1.11839
1726 1.11549
1727 1.11257
1728 1.10964
1729 1.1067
1730 1.10375
1731 1.1008
1732 1.09783
1733 1.09485
1734 1.09186
1735 1.08887
1736 1.08586
1737 1.08284
1738 1.07982
1739 1.07678
1740 1.07374
1741 1.07069
1742 1.06762
1743 1.06455
1744 1.06147
1745 1.05838
1746 1.05528
1747 1.05218
1748 1.04906
1749 1.04594
1750 1.0428
1751 1.03966
1752 1.03651
1753 1.03336
1754 1.03019
1755 1.02702
1756 1.02384
1757 1.02065
1758 1.01745
1759 1.01425
1760 1.01104
1761 1.00782
1762 1.0046
1763 1.00137
1764 0.998127
1765 0.994882
1766 0.991631
1767 0.988373
1768 0.985108
1769 0.981837
1770 0.97856
1771 0.975278
1772 0.97199
1773 0.968695
1774 0.965396
1775 0.962091
1776 0.95878
1777 0.955465
1778 0.952145
1779 0.94882
1780 0.94549
1781 0.942156
1782 0.938816
1783 0.935474
1784 0.932126
1785 0.928775
1786 0.92542
1787 0.922062
1788 0.918699
1789 0.915334
1790 0.911966
1791 0.908594
1792 0.905219
1793 0.901842
1794 0.898462
1795 0.895079
1796 0.891695
1797 0.888308
1798 0.884918
1799 0.881526
1800 0.878134
1801 0.87474
1802 0.871344
1803 0.867946
1804 0.864548
1805 0.861148
1806 0.857748
1807 0.854346
1808 0.850945
1809 0.847542
1810 0.844139
1811 0.840735
1812 0.837332
1813 0.833929
1814 0.830527
1815 0.827125
1816 0.823723
1817 0.820322
1818 0.816921
1819 0.813522
1820 0.810124
1821 0.806726
1822 0.80333
1823 0.799935
1824 0.796542
1825 0.793151
1826 0.789761
1827 0.786372
1828 0.782986
1829 0.779602
1830 0.776221
1831 0.772842
1832 0.769465
1833 0.766092
1834 0.76272
1835 0.759353
1836 0.755987
1837 0.752625
1838 0.749266
1839 0.74591
1840 0.742558
1841 0.739209
1842 0.735864
1843 0.732523
1844 0.729185
1845 0.725851
1846 0.722522
1847 0.719197
1848 0.715877
1849 0.712561
1850 0.70925
1851 0.705943
1852 0.702642
1853 0.699344
1854 0.696052
1855 0.692765
1856 0.689483
1857 0.686206
1858 0.682934
1859 0.679668
1860 0.676408
1861 0.673153
1862 0.669904
1863 0.666661
1864 0.663423
1865 0.660192
1866 0.656967
1867 0.653748
1868 0.650535
1869 0.647329
1870 0.644129
1871 0.640937
1872 0.63775
1873 0.634572
1874 0.631399
1875 0.628233
1876 0.625076
1877 0.621924
1878 0.61878
1879 0.615644
1880 0.612515
1881 0.609393
1882 0.606279
1883 0.603173
1884 0.600075
1885 0.596984
1886 0.593901
1887 0.590827
1888 0.587761
1889 0.584703
1890 0.581654
1891 0.578612
1892 0.575579
1893 0.572556
1894 0.569541
1895 0.566534
1896 0.563537
1897 0.560548
1898 0.557569
1899 0.5546
1900 0.551639
1901 0.548689
1902 0.545747
1903 0.542814
1904 0.539892
1905 0.53698
1906 0.534077
1907 0.531184
1908 0.528302
1909 0.525429
1910 0.522567
1911 0.519715
1912 0.516873
1913 0.514042
1914 0.511221
1915 0.508411
1916 0.505612
1917 0.502824
1918 0.500046
1919 0.497279
1920 0.494523
1921 0.491779
1922 0.489046
1923 0.486324
1924 0.483614
1925 0.480915
1926 0.478228
1927 0.475552
1928 0.472888
1929 0.470236
1930 0.467595
1931 0.464968
1932 0.462351
1933 0.459747
1934 0.457155
1935 0.454576
1936 0.452009
1937 0.449454
1938 0.446911
1939 0.444381
1940 0.441863
1941 0.439359
1942 0.436865
1943 0.434386
1944 0.431919
1945 0.429465
1946 0.427023
1947 0.424594
1948 0.422179
1949 0.419775
1950 0.417385
1951 0.415008
1952 0.412644
1953 0.410293
1954 0.407955
1955 0.405631
1956 0.403319
1957 0.401021
1958 0.398736
1959 0.396464
1960 0.394205
1961 0.39196
1962 0.389728
1963 0.38751
1964 0.385305
1965 0.383112
1966 0.380934
1967 0.378768
1968 0.376616
1969 0.374476
1970 0.37235
1971 0.370237
1972 0.368138
1973 0.366051
1974 0.363977
1975 0.361917
1976 0.35987
1977 0.357836
1978 0.355815
1979 0.353807
1980 0.351812
1981 0.34983
1982 0.347861
1983 0.345905
1984 0.343962
1985 0.342031
1986 0.340113
1987 0.338208
1988 0.336316
1989 0.334436
1990 0.332569
1991 0.330714
1992 0.328872
1993 0.327042
1994 0.325225
1995 0.32342
1996 0.321627
1997 0.319846
1998 0.318078
1999 0.316321
